'Example of general seepage program seep54: Streamlines'

"Element type, Nodes, Analysis type ('plane', 'axisymmetric','3D')"
'quadrilateral'  4  'plane'

"Number of integrating points"
4

"Number of elements"
135

"Number of nodes"
168

"Number of different property groups"
2

"Material properties (kx,ky) for each group"
1    20000.  20000.
2   100000. 100000.


"Nodal coordinates (x,y)"
  1     0.00        0.00
  2     0.00       -2.00
  3     0.00       -4.00
  4     0.00       -7.67
  5     0.00      -11.33
  6     0.00      -15.00
  7     0.00      -18.67
  8     0.00      -22.33
  9     0.00      -26.00
 10     5.00        0.00
 11     5.00       -2.00
 12     5.00       -4.00
 13     5.00       -7.50
 14     5.00      -11.00
 15     5.00      -14.50
 16     5.00      -18.00
 17     5.00      -21.50
 18     5.00      -25.00
 19    10.00        0.00
 20    10.00       -2.00
 21    10.00       -4.00
 22    10.00       -7.34
 23    10.00      -10.66
 24    10.00      -14.00
 25    10.00      -17.34
 26    10.00      -20.66
 27    10.00      -24.00
 28    15.00        0.00
 29    15.00       -2.00
 30    15.00       -4.00
 31    15.00       -7.17
 32    15.00      -10.33
 33    15.00      -13.50
 34    15.00      -16.67
 35    15.00      -19.83
 36    15.00      -23.00
 37    20.00        0.00
 38    20.00       -2.00
 39    20.00       -4.00
 40    20.00       -7.00
 41    20.00      -10.00
 42    20.00      -13.00
 43    20.00      -16.00
 44    20.00      -19.00
 45    20.00      -22.00
 46    25.00        0.00
 47    25.00       -2.00
 48    25.00       -4.00
 49    25.00       -6.84
 50    25.00       -9.66
 51    25.00      -12.50
 52    25.00      -15.34
 53    25.00      -18.16
 54    25.00      -21.00
 55    30.00        0.00
 56    30.00       -2.00
 57    30.00       -4.00
 58    30.00       -6.67
 59    30.00       -9.33
 60    30.00      -12.00
 61    30.00      -14.67
 62    30.00      -17.33
 63    30.00      -20.00
 64    30.10       -4.00
 65    30.10       -6.67
 66    30.10       -9.33
 67    30.10      -12.00
 68    30.10      -14.67
 69    30.10      -17.33
 70    30.10      -20.00
 71    35.00       -4.00
 72    35.00       -6.50
 73    35.00       -9.00
 74    35.00      -11.50
 75    35.00      -14.00
 76    35.00      -16.50
 77    35.00      -19.00
 78    40.00       -4.00
 79    40.00       -6.34
 80    40.00       -8.66
 81    40.00      -11.00
 82    40.00      -13.34
 83    40.00      -15.66
 84    40.00      -18.00
 85    45.00       -4.00
 86    45.00       -6.17
 87    45.00       -8.33
 88    45.00      -10.50
 89    45.00      -12.67
 90    45.00      -14.83
 91    45.00      -17.00
 92    50.00       -4.00
 93    50.00       -6.00
 94    50.00       -8.00
 95    50.00      -10.00
 96    50.00      -12.00
 97    50.00      -14.00
 98    50.00      -16.00
 99    55.00       -4.00
100    55.00       -5.84
101    55.00       -7.66
102    55.00       -9.50
103    55.00      -11.34
104    55.00      -13.16
105    55.00      -15.00
106    60.00        0.00
107    60.00       -2.00
108    60.00       -4.00
109    60.00       -5.67
110    60.00       -7.33
111    60.00       -9.00
112    60.00      -10.67
113    60.00      -12.33
114    60.00      -14.00
115    65.00        0.00
116    65.00       -2.00
117    65.00       -4.00
118    65.00       -5.50
119    65.00       -7.00
120    65.00       -8.50
121    65.00      -10.00
122    65.00      -11.50
123    65.00      -13.00
124    70.00        0.00
125    70.00       -2.00
126    70.00       -4.00
127    70.00       -5.34
128    70.00       -6.66
129    70.00       -8.00
130    70.00       -9.34
131    70.00      -10.66
132    70.00      -12.00
133    75.00        0.00
134    75.00       -2.00
135    75.00       -4.00
136    75.00       -5.17
137    75.00       -6.33
138    75.00       -7.50
139    75.00       -8.67
140    75.00       -9.83
141    75.00      -11.00
142    80.00        0.00
143    80.00       -2.00
144    80.00       -4.00
145    80.00       -5.00
146    80.00       -6.00
147    80.00       -7.00
148    80.00       -8.00
149    80.00       -9.00
150    80.00      -10.00
151    85.00        0.00
152    85.00       -2.00
153    85.00       -4.00
154    85.00       -4.84
155    85.00       -5.66
156    85.00       -6.50
157    85.00       -7.34
158    85.00       -8.16
159    85.00       -9.00
160    90.00        0.00
161    90.00       -2.00
162    90.00       -4.00
163    90.00       -4.67
164    90.00       -5.33
165    90.00       -6.00
166    90.00       -6.67
167    90.00       -7.33
168    90.00       -8.00  

"Element, group and nodal connectivity (clockwise starting at a corner node)"      
  1  1    2    1   10   11 
  2  1    3    2   11   12 
  3  1    4    3   12   13 
  4  1    5    4   13   14 
  5  2    6    5   14   15 
  6  2    7    6   15   16 
  7  1    8    7   16   17 
  8  1    9    8   17   18 
  9  1   11   10   19   20 
 10  1   12   11   20   21 
 11  1   13   12   21   22 
 12  1   14   13   22   23 
 13  2   15   14   23   24 
 14  2   16   15   24   25 
 15  1   17   16   25   26 
 16  1   18   17   26   27 
 17  1   20   19   28   29 
 18  1   21   20   29   30 
 19  1   22   21   30   31 
 20  1   23   22   31   32 
 21  2   24   23   32   33 
 22  2   25   24   33   34 
 23  1   26   25   34   35 
 24  1   27   26   35   36 
 25  1   29   28   37   38 
 26  1   30   29   38   39 
 27  1   31   30   39   40 
 28  1   32   31   40   41 
 29  2   33   32   41   42 
 30  2   34   33   42   43 
 31  1   35   34   43   44 
 32  1   36   35   44   45 
 33  1   38   37   46   47 
 34  1   39   38   47   48 
 35  1   40   39   48   49 
 36  1   41   40   49   50 
 37  2   42   41   50   51 
 38  2   43   42   51   52 
 39  1   44   43   52   53 
 40  1   45   44   53   54 
 41  1   47   46   55   56 
 42  1   48   47   56   57 
 43  1   49   48   57   58 
 44  1   50   49   58   59 
 45  2   51   50   59   60 
 46  2   52   51   60   61 
 47  1   53   52   61   62 
 48  1   54   53   62   63 
 49  2   61   60   67   68 
 50  1   62   61   68   69 
 51  1   63   62   69   70
 52  1   65   64   71   72 
 53  1   66   65   72   73 
 54  2   67   66   73   74 
 55  2   68   67   74   75 
 56  1   69   68   75   76 
 57  1   70   69   76   77
 58  1   72   71   78   79 
 59  1   73   72   79   80 
 60  2   74   73   80   81 
 61  2   75   74   81   82 
 62  1   76   75   82   83 
 63  1   77   76   83   84
 64  1   79   78   85   86 
 65  1   80   79   86   87 
 66  2   81   80   87   88 
 67  2   82   81   88   89 
 68  1   83   82   89   90 
 69  1   84   83   90   91
 70  1   86   85   92   93 
 71  1   87   86   93   94 
 72  2   88   87   94   95 
 73  2   89   88   95   96 
 74  1   90   89   96   97 
 75  1   91   90   97   98
 76  1   93   92   99  100 
 77  1   94   93  100  101 
 78  2   95   94  101  102 
 79  2   96   95  102  103 
 80  1   97   96  103  104 
 81  1   98   97  104  105
 82  1  100   99  108  109 
 83  1  101  100  109  110 
 84  2  102  101  110  111 
 85  2  103  102  111  112 
 86  1  104  103  112  113 
 87  1  105  104  113  114
 88  1  107  106  115  116 
 89  1  108  107  116  117 
 90  1  109  108  117  118 
 91  1  110  109  118  119 
 92  2  111  110  119  120 
 93  2  112  111  120  121 
 94  1  113  112  121  122 
 95  1  114  113  122  123 
 96  1  116  115  124  125 
 97  1  117  116  125  126 
 98  1  118  117  126  127 
 99  1  119  118  127  128 
100  2  120  119  128  129 
101  2  121  120  129  130 
102  1  122  121  130  131 
103  1  123  122  131  132 
104  1  125  124  133  134 
105  1  126  125  134  135 
106  1  127  126  135  136 
107  1  128  127  136  137 
108  2  129  128  137  138 
109  2  130  129  138  139 
110  1  131  130  139  140 
111  1  132  131  140  141 
112  1  134  133  142  143 
113  1  135  134  143  144 
114  1  136  135  144  145 
115  1  137  136  145  146 
116  2  138  137  146  147 
117  2  139  138  147  148 
118  1  140  139  148  149 
119  1  141  140  149  150 
120  1  143  142  151  152 
121  1  144  143  152  153 
122  1  145  144  153  154 
123  1  146  145  154  155 
124  2  147  146  155  156 
125  2  148  147  156  157 
126  1  149  148  157  158 
127  1  150  149  158  159 
128  1  152  151  160  161 
129  1  153  152  161  162 
130  1  154  153  162  163 
131  1  155  154  163  164 
132  2  156  155  164  165 
133  2  157  156  165  166 
134  1  158  157  166  167 
135  1  159  158  167  168 

"Number of nodal sources (+) or sinks (-) (loaded_nodes)"
0

"Source/Sink information (not needed if loaded_nodes=0)"

"Number of fixed boundary nodes (fixed_freedom)"
54

"Fixed Node, Value (not needed if fixed_freedoms=0)"
  1  0.    2  0.    3  0.    4  0.    5  0.    6  0.    7  0.
  8  0.    9  0.   18  0.   27  0.   36  0.   45  0.   54  0.
 63  0.   70  0.   77  0.   84  0.   91  0.   98  0.  105  0.
114  0.  123  0.  132  0.  141  0.  150  0.  159  0.  160  0.
161  0.  162  0.  163  0.  164  0.  165  0.  166  0.  167  0.
168  0.  
 55  0.7639E-04   56  0.7639E-04    57  0.7639E-04 
 58  0.7639E-04   59  0.7639E-04    60  0.7639E-04 
 64  0.7639E-04   65  0.7639E-04    66  0.7639E-04 
 67  0.7639E-04   71  0.7639E-04    78  0.7639E-04 
 85  0.7639E-04   92  0.7639E-04    99  0.7639E-04 
106  0.7639E-04  107  0.7639E-04   108  0.7639E-04 

"Number of contour intervals"
5








