    1  0.00000000E+00  0.00000000E+00  0.10416667E-03
    2  0.00000000E+00  0.00000000E+00 -0.41666667E-03
    3  0.00000000E+00  0.00000000E+00  0.20833333E-03
    4  0.00000000E+00  0.00000000E+00 -0.41666667E-03
    5  0.00000000E+00  0.00000000E+00  0.20833333E-03
    6  0.00000000E+00  0.00000000E+00 -0.41666667E-03
    7  0.00000000E+00  0.00000000E+00  0.20833333E-03
    8  0.00000000E+00  0.00000000E+00 -0.41666667E-03
    9  0.00000000E+00  0.00000000E+00  0.20833333E-03
   10  0.00000000E+00  0.00000000E+00 -0.41666667E-03
   11  0.00000000E+00  0.00000000E+00  0.20833333E-03
   12  0.00000000E+00  0.00000000E+00 -0.41666667E-03
   13  0.00000000E+00  0.00000000E+00  0.20833333E-03
   14  0.00000000E+00  0.00000000E+00 -0.41666667E-03
   15  0.00000000E+00  0.00000000E+00  0.20833333E-03
   16  0.00000000E+00  0.00000000E+00 -0.41666667E-03
   17  0.00000000E+00  0.00000000E+00  0.20833333E-03
   18  0.00000000E+00  0.00000000E+00 -0.41666667E-03
   19  0.00000000E+00  0.00000000E+00  0.20833333E-03
   20  0.00000000E+00  0.00000000E+00 -0.41666667E-03
   21  0.00000000E+00  0.00000000E+00  0.20833333E-03
   22  0.00000000E+00  0.00000000E+00 -0.41666667E-03
   23  0.00000000E+00  0.00000000E+00  0.20833333E-03
   24  0.00000000E+00  0.00000000E+00 -0.41666667E-03
   25  0.00000000E+00  0.00000000E+00  0.20833333E-03
   26  0.00000000E+00  0.00000000E+00 -0.41666667E-03
   27  0.00000000E+00  0.00000000E+00  0.20833333E-03
   28  0.00000000E+00  0.00000000E+00 -0.41666667E-03
   29  0.00000000E+00  0.00000000E+00  0.20833333E-03
   30  0.00000000E+00  0.00000000E+00 -0.41666667E-03
   31  0.00000000E+00  0.00000000E+00  0.20833333E-03
   32  0.00000000E+00  0.00000000E+00 -0.41666667E-03
   33  0.00000000E+00  0.00000000E+00  0.20833333E-03
   34  0.00000000E+00  0.00000000E+00 -0.41666667E-03
   35  0.00000000E+00  0.00000000E+00  0.20833333E-03
   36  0.00000000E+00  0.00000000E+00 -0.41666667E-03
   37  0.00000000E+00  0.00000000E+00  0.20833333E-03
   38  0.00000000E+00  0.00000000E+00 -0.41666667E-03
   39  0.00000000E+00  0.00000000E+00  0.20833333E-03
   40  0.00000000E+00  0.00000000E+00 -0.41666667E-03
   41  0.00000000E+00  0.00000000E+00  0.10416667E-03
 2522  0.00000000E+00  0.00000000E+00 -0.41666667E-03
 2523  0.00000000E+00  0.00000000E+00 -0.83333333E-03
 2524  0.00000000E+00  0.00000000E+00 -0.83333333E-03
 2525  0.00000000E+00  0.00000000E+00 -0.83333333E-03
 2526  0.00000000E+00  0.00000000E+00 -0.83333333E-03
 2527  0.00000000E+00  0.00000000E+00 -0.83333333E-03
 2528  0.00000000E+00  0.00000000E+00 -0.83333333E-03
 2529  0.00000000E+00  0.00000000E+00 -0.83333333E-03
 2530  0.00000000E+00  0.00000000E+00 -0.83333333E-03
 2531  0.00000000E+00  0.00000000E+00 -0.83333333E-03
 2532  0.00000000E+00  0.00000000E+00 -0.83333333E-03
 2533  0.00000000E+00  0.00000000E+00 -0.83333333E-03
 2534  0.00000000E+00  0.00000000E+00 -0.83333333E-03
 2535  0.00000000E+00  0.00000000E+00 -0.83333333E-03
 2536  0.00000000E+00  0.00000000E+00 -0.83333333E-03
 2537  0.00000000E+00  0.00000000E+00 -0.83333333E-03
 2538  0.00000000E+00  0.00000000E+00 -0.83333333E-03
 2539  0.00000000E+00  0.00000000E+00 -0.83333333E-03
 2540  0.00000000E+00  0.00000000E+00 -0.83333333E-03
 2541  0.00000000E+00  0.00000000E+00 -0.83333333E-03
 2542  0.00000000E+00  0.00000000E+00 -0.41666667E-03
 3383  0.00000000E+00  0.00000000E+00  0.20833333E-03
 3384  0.00000000E+00  0.00000000E+00 -0.83333333E-03
 3385  0.00000000E+00  0.00000000E+00  0.41666667E-03
 3386  0.00000000E+00  0.00000000E+00 -0.83333333E-03
 3387  0.00000000E+00  0.00000000E+00  0.41666667E-03
 3388  0.00000000E+00  0.00000000E+00 -0.83333333E-03
 3389  0.00000000E+00  0.00000000E+00  0.41666667E-03
 3390  0.00000000E+00  0.00000000E+00 -0.83333333E-03
 3391  0.00000000E+00  0.00000000E+00  0.41666667E-03
 3392  0.00000000E+00  0.00000000E+00 -0.83333333E-03
 3393  0.00000000E+00  0.00000000E+00  0.41666667E-03
 3394  0.00000000E+00  0.00000000E+00 -0.83333333E-03
 3395  0.00000000E+00  0.00000000E+00  0.41666667E-03
 3396  0.00000000E+00  0.00000000E+00 -0.83333333E-03
 3397  0.00000000E+00  0.00000000E+00  0.41666667E-03
 3398  0.00000000E+00  0.00000000E+00 -0.83333333E-03
 3399  0.00000000E+00  0.00000000E+00  0.41666667E-03
 3400  0.00000000E+00  0.00000000E+00 -0.83333333E-03
 3401  0.00000000E+00  0.00000000E+00  0.41666667E-03
 3402  0.00000000E+00  0.00000000E+00 -0.83333333E-03
 3403  0.00000000E+00  0.00000000E+00  0.41666667E-03
 3404  0.00000000E+00  0.00000000E+00 -0.83333333E-03
 3405  0.00000000E+00  0.00000000E+00  0.41666667E-03
 3406  0.00000000E+00  0.00000000E+00 -0.83333333E-03
 3407  0.00000000E+00  0.00000000E+00  0.41666667E-03
 3408  0.00000000E+00  0.00000000E+00 -0.83333333E-03
 3409  0.00000000E+00  0.00000000E+00  0.41666667E-03
 3410  0.00000000E+00  0.00000000E+00 -0.83333333E-03
 3411  0.00000000E+00  0.00000000E+00  0.41666667E-03
 3412  0.00000000E+00  0.00000000E+00 -0.83333333E-03
 3413  0.00000000E+00  0.00000000E+00  0.41666667E-03
 3414  0.00000000E+00  0.00000000E+00 -0.83333333E-03
 3415  0.00000000E+00  0.00000000E+00  0.41666667E-03
 3416  0.00000000E+00  0.00000000E+00 -0.83333333E-03
 3417  0.00000000E+00  0.00000000E+00  0.41666667E-03
 3418  0.00000000E+00  0.00000000E+00 -0.83333333E-03
 3419  0.00000000E+00  0.00000000E+00  0.41666667E-03
 3420  0.00000000E+00  0.00000000E+00 -0.83333333E-03
 3421  0.00000000E+00  0.00000000E+00  0.41666667E-03
 3422  0.00000000E+00  0.00000000E+00 -0.83333333E-03
 3423  0.00000000E+00  0.00000000E+00  0.20833333E-03
 5904  0.00000000E+00  0.00000000E+00 -0.41666667E-03
 5905  0.00000000E+00  0.00000000E+00 -0.83333333E-03
 5906  0.00000000E+00  0.00000000E+00 -0.83333333E-03
 5907  0.00000000E+00  0.00000000E+00 -0.83333333E-03
 5908  0.00000000E+00  0.00000000E+00 -0.83333333E-03
 5909  0.00000000E+00  0.00000000E+00 -0.83333333E-03
 5910  0.00000000E+00  0.00000000E+00 -0.83333333E-03
 5911  0.00000000E+00  0.00000000E+00 -0.83333333E-03
 5912  0.00000000E+00  0.00000000E+00 -0.83333333E-03
 5913  0.00000000E+00  0.00000000E+00 -0.83333333E-03
 5914  0.00000000E+00  0.00000000E+00 -0.83333333E-03
 5915  0.00000000E+00  0.00000000E+00 -0.83333333E-03
 5916  0.00000000E+00  0.00000000E+00 -0.83333333E-03
 5917  0.00000000E+00  0.00000000E+00 -0.83333333E-03
 5918  0.00000000E+00  0.00000000E+00 -0.83333333E-03
 5919  0.00000000E+00  0.00000000E+00 -0.83333333E-03
 5920  0.00000000E+00  0.00000000E+00 -0.83333333E-03
 5921  0.00000000E+00  0.00000000E+00 -0.83333333E-03
 5922  0.00000000E+00  0.00000000E+00 -0.83333333E-03
 5923  0.00000000E+00  0.00000000E+00 -0.83333333E-03
 5924  0.00000000E+00  0.00000000E+00 -0.41666667E-03
 6765  0.00000000E+00  0.00000000E+00  0.20833333E-03
 6766  0.00000000E+00  0.00000000E+00 -0.83333333E-03
 6767  0.00000000E+00  0.00000000E+00  0.41666667E-03
 6768  0.00000000E+00  0.00000000E+00 -0.83333333E-03
 6769  0.00000000E+00  0.00000000E+00  0.41666667E-03
 6770  0.00000000E+00  0.00000000E+00 -0.83333333E-03
 6771  0.00000000E+00  0.00000000E+00  0.41666667E-03
 6772  0.00000000E+00  0.00000000E+00 -0.83333333E-03
 6773  0.00000000E+00  0.00000000E+00  0.41666667E-03
 6774  0.00000000E+00  0.00000000E+00 -0.83333333E-03
 6775  0.00000000E+00  0.00000000E+00  0.41666667E-03
 6776  0.00000000E+00  0.00000000E+00 -0.83333333E-03
 6777  0.00000000E+00  0.00000000E+00  0.41666667E-03
 6778  0.00000000E+00  0.00000000E+00 -0.83333333E-03
 6779  0.00000000E+00  0.00000000E+00  0.41666667E-03
 6780  0.00000000E+00  0.00000000E+00 -0.83333333E-03
 6781  0.00000000E+00  0.00000000E+00  0.41666667E-03
 6782  0.00000000E+00  0.00000000E+00 -0.83333333E-03
 6783  0.00000000E+00  0.00000000E+00  0.41666667E-03
 6784  0.00000000E+00  0.00000000E+00 -0.83333333E-03
 6785  0.00000000E+00  0.00000000E+00  0.41666667E-03
 6786  0.00000000E+00  0.00000000E+00 -0.83333333E-03
 6787  0.00000000E+00  0.00000000E+00  0.41666667E-03
 6788  0.00000000E+00  0.00000000E+00 -0.83333333E-03
 6789  0.00000000E+00  0.00000000E+00  0.41666667E-03
 6790  0.00000000E+00  0.00000000E+00 -0.83333333E-03
 6791  0.00000000E+00  0.00000000E+00  0.41666667E-03
 6792  0.00000000E+00  0.00000000E+00 -0.83333333E-03
 6793  0.00000000E+00  0.00000000E+00  0.41666667E-03
 6794  0.00000000E+00  0.00000000E+00 -0.83333333E-03
 6795  0.00000000E+00  0.00000000E+00  0.41666667E-03
 6796  0.00000000E+00  0.00000000E+00 -0.83333333E-03
 6797  0.00000000E+00  0.00000000E+00  0.41666667E-03
 6798  0.00000000E+00  0.00000000E+00 -0.83333333E-03
 6799  0.00000000E+00  0.00000000E+00  0.41666667E-03
 6800  0.00000000E+00  0.00000000E+00 -0.83333333E-03
 6801  0.00000000E+00  0.00000000E+00  0.41666667E-03
 6802  0.00000000E+00  0.00000000E+00 -0.83333333E-03
 6803  0.00000000E+00  0.00000000E+00  0.41666667E-03
 6804  0.00000000E+00  0.00000000E+00 -0.83333333E-03
 6805  0.00000000E+00  0.00000000E+00  0.20833333E-03
 9286  0.00000000E+00  0.00000000E+00 -0.41666667E-03
 9287  0.00000000E+00  0.00000000E+00 -0.83333333E-03
 9288  0.00000000E+00  0.00000000E+00 -0.83333333E-03
 9289  0.00000000E+00  0.00000000E+00 -0.83333333E-03
 9290  0.00000000E+00  0.00000000E+00 -0.83333333E-03
 9291  0.00000000E+00  0.00000000E+00 -0.83333333E-03
 9292  0.00000000E+00  0.00000000E+00 -0.83333333E-03
 9293  0.00000000E+00  0.00000000E+00 -0.83333333E-03
 9294  0.00000000E+00  0.00000000E+00 -0.83333333E-03
 9295  0.00000000E+00  0.00000000E+00 -0.83333333E-03
 9296  0.00000000E+00  0.00000000E+00 -0.83333333E-03
 9297  0.00000000E+00  0.00000000E+00 -0.83333333E-03
 9298  0.00000000E+00  0.00000000E+00 -0.83333333E-03
 9299  0.00000000E+00  0.00000000E+00 -0.83333333E-03
 9300  0.00000000E+00  0.00000000E+00 -0.83333333E-03
 9301  0.00000000E+00  0.00000000E+00 -0.83333333E-03
 9302  0.00000000E+00  0.00000000E+00 -0.83333333E-03
 9303  0.00000000E+00  0.00000000E+00 -0.83333333E-03
 9304  0.00000000E+00  0.00000000E+00 -0.83333333E-03
 9305  0.00000000E+00  0.00000000E+00 -0.83333333E-03
 9306  0.00000000E+00  0.00000000E+00 -0.41666667E-03
10147  0.00000000E+00  0.00000000E+00  0.20833333E-03
10148  0.00000000E+00  0.00000000E+00 -0.83333333E-03
10149  0.00000000E+00  0.00000000E+00  0.41666667E-03
10150  0.00000000E+00  0.00000000E+00 -0.83333333E-03
10151  0.00000000E+00  0.00000000E+00  0.41666667E-03
10152  0.00000000E+00  0.00000000E+00 -0.83333333E-03
10153  0.00000000E+00  0.00000000E+00  0.41666667E-03
10154  0.00000000E+00  0.00000000E+00 -0.83333333E-03
10155  0.00000000E+00  0.00000000E+00  0.41666667E-03
10156  0.00000000E+00  0.00000000E+00 -0.83333333E-03
10157  0.00000000E+00  0.00000000E+00  0.41666667E-03
10158  0.00000000E+00  0.00000000E+00 -0.83333333E-03
10159  0.00000000E+00  0.00000000E+00  0.41666667E-03
10160  0.00000000E+00  0.00000000E+00 -0.83333333E-03
10161  0.00000000E+00  0.00000000E+00  0.41666667E-03
10162  0.00000000E+00  0.00000000E+00 -0.83333333E-03
10163  0.00000000E+00  0.00000000E+00  0.41666667E-03
10164  0.00000000E+00  0.00000000E+00 -0.83333333E-03
10165  0.00000000E+00  0.00000000E+00  0.41666667E-03
10166  0.00000000E+00  0.00000000E+00 -0.83333333E-03
10167  0.00000000E+00  0.00000000E+00  0.41666667E-03
10168  0.00000000E+00  0.00000000E+00 -0.83333333E-03
10169  0.00000000E+00  0.00000000E+00  0.41666667E-03
10170  0.00000000E+00  0.00000000E+00 -0.83333333E-03
10171  0.00000000E+00  0.00000000E+00  0.41666667E-03
10172  0.00000000E+00  0.00000000E+00 -0.83333333E-03
10173  0.00000000E+00  0.00000000E+00  0.41666667E-03
10174  0.00000000E+00  0.00000000E+00 -0.83333333E-03
10175  0.00000000E+00  0.00000000E+00  0.41666667E-03
10176  0.00000000E+00  0.00000000E+00 -0.83333333E-03
10177  0.00000000E+00  0.00000000E+00  0.41666667E-03
10178  0.00000000E+00  0.00000000E+00 -0.83333333E-03
10179  0.00000000E+00  0.00000000E+00  0.41666667E-03
10180  0.00000000E+00  0.00000000E+00 -0.83333333E-03
10181  0.00000000E+00  0.00000000E+00  0.41666667E-03
10182  0.00000000E+00  0.00000000E+00 -0.83333333E-03
10183  0.00000000E+00  0.00000000E+00  0.41666667E-03
10184  0.00000000E+00  0.00000000E+00 -0.83333333E-03
10185  0.00000000E+00  0.00000000E+00  0.41666667E-03
10186  0.00000000E+00  0.00000000E+00 -0.83333333E-03
10187  0.00000000E+00  0.00000000E+00  0.20833333E-03
12668  0.00000000E+00  0.00000000E+00 -0.41666667E-03
12669  0.00000000E+00  0.00000000E+00 -0.83333333E-03
12670  0.00000000E+00  0.00000000E+00 -0.83333333E-03
12671  0.00000000E+00  0.00000000E+00 -0.83333333E-03
12672  0.00000000E+00  0.00000000E+00 -0.83333333E-03
12673  0.00000000E+00  0.00000000E+00 -0.83333333E-03
12674  0.00000000E+00  0.00000000E+00 -0.83333333E-03
12675  0.00000000E+00  0.00000000E+00 -0.83333333E-03
12676  0.00000000E+00  0.00000000E+00 -0.83333333E-03
12677  0.00000000E+00  0.00000000E+00 -0.83333333E-03
12678  0.00000000E+00  0.00000000E+00 -0.83333333E-03
12679  0.00000000E+00  0.00000000E+00 -0.83333333E-03
12680  0.00000000E+00  0.00000000E+00 -0.83333333E-03
12681  0.00000000E+00  0.00000000E+00 -0.83333333E-03
12682  0.00000000E+00  0.00000000E+00 -0.83333333E-03
12683  0.00000000E+00  0.00000000E+00 -0.83333333E-03
12684  0.00000000E+00  0.00000000E+00 -0.83333333E-03
12685  0.00000000E+00  0.00000000E+00 -0.83333333E-03
12686  0.00000000E+00  0.00000000E+00 -0.83333333E-03
12687  0.00000000E+00  0.00000000E+00 -0.83333333E-03
12688  0.00000000E+00  0.00000000E+00 -0.41666667E-03
13529  0.00000000E+00  0.00000000E+00  0.20833333E-03
13530  0.00000000E+00  0.00000000E+00 -0.83333333E-03
13531  0.00000000E+00  0.00000000E+00  0.41666667E-03
13532  0.00000000E+00  0.00000000E+00 -0.83333333E-03
13533  0.00000000E+00  0.00000000E+00  0.41666667E-03
13534  0.00000000E+00  0.00000000E+00 -0.83333333E-03
13535  0.00000000E+00  0.00000000E+00  0.41666667E-03
13536  0.00000000E+00  0.00000000E+00 -0.83333333E-03
13537  0.00000000E+00  0.00000000E+00  0.41666667E-03
13538  0.00000000E+00  0.00000000E+00 -0.83333333E-03
13539  0.00000000E+00  0.00000000E+00  0.41666667E-03
13540  0.00000000E+00  0.00000000E+00 -0.83333333E-03
13541  0.00000000E+00  0.00000000E+00  0.41666667E-03
13542  0.00000000E+00  0.00000000E+00 -0.83333333E-03
13543  0.00000000E+00  0.00000000E+00  0.41666667E-03
13544  0.00000000E+00  0.00000000E+00 -0.83333333E-03
13545  0.00000000E+00  0.00000000E+00  0.41666667E-03
13546  0.00000000E+00  0.00000000E+00 -0.83333333E-03
13547  0.00000000E+00  0.00000000E+00  0.41666667E-03
13548  0.00000000E+00  0.00000000E+00 -0.83333333E-03
13549  0.00000000E+00  0.00000000E+00  0.41666667E-03
13550  0.00000000E+00  0.00000000E+00 -0.83333333E-03
13551  0.00000000E+00  0.00000000E+00  0.41666667E-03
13552  0.00000000E+00  0.00000000E+00 -0.83333333E-03
13553  0.00000000E+00  0.00000000E+00  0.41666667E-03
13554  0.00000000E+00  0.00000000E+00 -0.83333333E-03
13555  0.00000000E+00  0.00000000E+00  0.41666667E-03
13556  0.00000000E+00  0.00000000E+00 -0.83333333E-03
13557  0.00000000E+00  0.00000000E+00  0.41666667E-03
13558  0.00000000E+00  0.00000000E+00 -0.83333333E-03
13559  0.00000000E+00  0.00000000E+00  0.41666667E-03
13560  0.00000000E+00  0.00000000E+00 -0.83333333E-03
13561  0.00000000E+00  0.00000000E+00  0.41666667E-03
13562  0.00000000E+00  0.00000000E+00 -0.83333333E-03
13563  0.00000000E+00  0.00000000E+00  0.41666667E-03
13564  0.00000000E+00  0.00000000E+00 -0.83333333E-03
13565  0.00000000E+00  0.00000000E+00  0.41666667E-03
13566  0.00000000E+00  0.00000000E+00 -0.83333333E-03
13567  0.00000000E+00  0.00000000E+00  0.41666667E-03
13568  0.00000000E+00  0.00000000E+00 -0.83333333E-03
13569  0.00000000E+00  0.00000000E+00  0.20833333E-03
16050  0.00000000E+00  0.00000000E+00 -0.41666667E-03
16051  0.00000000E+00  0.00000000E+00 -0.83333333E-03
16052  0.00000000E+00  0.00000000E+00 -0.83333333E-03
16053  0.00000000E+00  0.00000000E+00 -0.83333333E-03
16054  0.00000000E+00  0.00000000E+00 -0.83333333E-03
16055  0.00000000E+00  0.00000000E+00 -0.83333333E-03
16056  0.00000000E+00  0.00000000E+00 -0.83333333E-03
16057  0.00000000E+00  0.00000000E+00 -0.83333333E-03
16058  0.00000000E+00  0.00000000E+00 -0.83333333E-03
16059  0.00000000E+00  0.00000000E+00 -0.83333333E-03
16060  0.00000000E+00  0.00000000E+00 -0.83333333E-03
16061  0.00000000E+00  0.00000000E+00 -0.83333333E-03
16062  0.00000000E+00  0.00000000E+00 -0.83333333E-03
16063  0.00000000E+00  0.00000000E+00 -0.83333333E-03
16064  0.00000000E+00  0.00000000E+00 -0.83333333E-03
16065  0.00000000E+00  0.00000000E+00 -0.83333333E-03
16066  0.00000000E+00  0.00000000E+00 -0.83333333E-03
16067  0.00000000E+00  0.00000000E+00 -0.83333333E-03
16068  0.00000000E+00  0.00000000E+00 -0.83333333E-03
16069  0.00000000E+00  0.00000000E+00 -0.83333333E-03
16070  0.00000000E+00  0.00000000E+00 -0.41666667E-03
16911  0.00000000E+00  0.00000000E+00  0.20833333E-03
16912  0.00000000E+00  0.00000000E+00 -0.83333333E-03
16913  0.00000000E+00  0.00000000E+00  0.41666667E-03
16914  0.00000000E+00  0.00000000E+00 -0.83333333E-03
16915  0.00000000E+00  0.00000000E+00  0.41666667E-03
16916  0.00000000E+00  0.00000000E+00 -0.83333333E-03
16917  0.00000000E+00  0.00000000E+00  0.41666667E-03
16918  0.00000000E+00  0.00000000E+00 -0.83333333E-03
16919  0.00000000E+00  0.00000000E+00  0.41666667E-03
16920  0.00000000E+00  0.00000000E+00 -0.83333333E-03
16921  0.00000000E+00  0.00000000E+00  0.41666667E-03
16922  0.00000000E+00  0.00000000E+00 -0.83333333E-03
16923  0.00000000E+00  0.00000000E+00  0.41666667E-03
16924  0.00000000E+00  0.00000000E+00 -0.83333333E-03
16925  0.00000000E+00  0.00000000E+00  0.41666667E-03
16926  0.00000000E+00  0.00000000E+00 -0.83333333E-03
16927  0.00000000E+00  0.00000000E+00  0.41666667E-03
16928  0.00000000E+00  0.00000000E+00 -0.83333333E-03
16929  0.00000000E+00  0.00000000E+00  0.41666667E-03
16930  0.00000000E+00  0.00000000E+00 -0.83333333E-03
16931  0.00000000E+00  0.00000000E+00  0.41666667E-03
16932  0.00000000E+00  0.00000000E+00 -0.83333333E-03
16933  0.00000000E+00  0.00000000E+00  0.41666667E-03
16934  0.00000000E+00  0.00000000E+00 -0.83333333E-03
16935  0.00000000E+00  0.00000000E+00  0.41666667E-03
16936  0.00000000E+00  0.00000000E+00 -0.83333333E-03
16937  0.00000000E+00  0.00000000E+00  0.41666667E-03
16938  0.00000000E+00  0.00000000E+00 -0.83333333E-03
16939  0.00000000E+00  0.00000000E+00  0.41666667E-03
16940  0.00000000E+00  0.00000000E+00 -0.83333333E-03
16941  0.00000000E+00  0.00000000E+00  0.41666667E-03
16942  0.00000000E+00  0.00000000E+00 -0.83333333E-03
16943  0.00000000E+00  0.00000000E+00  0.41666667E-03
16944  0.00000000E+00  0.00000000E+00 -0.83333333E-03
16945  0.00000000E+00  0.00000000E+00  0.41666667E-03
16946  0.00000000E+00  0.00000000E+00 -0.83333333E-03
16947  0.00000000E+00  0.00000000E+00  0.41666667E-03
16948  0.00000000E+00  0.00000000E+00 -0.83333333E-03
16949  0.00000000E+00  0.00000000E+00  0.41666667E-03
16950  0.00000000E+00  0.00000000E+00 -0.83333333E-03
16951  0.00000000E+00  0.00000000E+00  0.20833333E-03
19432  0.00000000E+00  0.00000000E+00 -0.41666667E-03
19433  0.00000000E+00  0.00000000E+00 -0.83333333E-03
19434  0.00000000E+00  0.00000000E+00 -0.83333333E-03
19435  0.00000000E+00  0.00000000E+00 -0.83333333E-03
19436  0.00000000E+00  0.00000000E+00 -0.83333333E-03
19437  0.00000000E+00  0.00000000E+00 -0.83333333E-03
19438  0.00000000E+00  0.00000000E+00 -0.83333333E-03
19439  0.00000000E+00  0.00000000E+00 -0.83333333E-03
19440  0.00000000E+00  0.00000000E+00 -0.83333333E-03
19441  0.00000000E+00  0.00000000E+00 -0.83333333E-03
19442  0.00000000E+00  0.00000000E+00 -0.83333333E-03
19443  0.00000000E+00  0.00000000E+00 -0.83333333E-03
19444  0.00000000E+00  0.00000000E+00 -0.83333333E-03
19445  0.00000000E+00  0.00000000E+00 -0.83333333E-03
19446  0.00000000E+00  0.00000000E+00 -0.83333333E-03
19447  0.00000000E+00  0.00000000E+00 -0.83333333E-03
19448  0.00000000E+00  0.00000000E+00 -0.83333333E-03
19449  0.00000000E+00  0.00000000E+00 -0.83333333E-03
19450  0.00000000E+00  0.00000000E+00 -0.83333333E-03
19451  0.00000000E+00  0.00000000E+00 -0.83333333E-03
19452  0.00000000E+00  0.00000000E+00 -0.41666667E-03
20293  0.00000000E+00  0.00000000E+00  0.20833333E-03
20294  0.00000000E+00  0.00000000E+00 -0.83333333E-03
20295  0.00000000E+00  0.00000000E+00  0.41666667E-03
20296  0.00000000E+00  0.00000000E+00 -0.83333333E-03
20297  0.00000000E+00  0.00000000E+00  0.41666667E-03
20298  0.00000000E+00  0.00000000E+00 -0.83333333E-03
20299  0.00000000E+00  0.00000000E+00  0.41666667E-03
20300  0.00000000E+00  0.00000000E+00 -0.83333333E-03
20301  0.00000000E+00  0.00000000E+00  0.41666667E-03
20302  0.00000000E+00  0.00000000E+00 -0.83333333E-03
20303  0.00000000E+00  0.00000000E+00  0.41666667E-03
20304  0.00000000E+00  0.00000000E+00 -0.83333333E-03
20305  0.00000000E+00  0.00000000E+00  0.41666667E-03
20306  0.00000000E+00  0.00000000E+00 -0.83333333E-03
20307  0.00000000E+00  0.00000000E+00  0.41666667E-03
20308  0.00000000E+00  0.00000000E+00 -0.83333333E-03
20309  0.00000000E+00  0.00000000E+00  0.41666667E-03
20310  0.00000000E+00  0.00000000E+00 -0.83333333E-03
20311  0.00000000E+00  0.00000000E+00  0.41666667E-03
20312  0.00000000E+00  0.00000000E+00 -0.83333333E-03
20313  0.00000000E+00  0.00000000E+00  0.41666667E-03
20314  0.00000000E+00  0.00000000E+00 -0.83333333E-03
20315  0.00000000E+00  0.00000000E+00  0.41666667E-03
20316  0.00000000E+00  0.00000000E+00 -0.83333333E-03
20317  0.00000000E+00  0.00000000E+00  0.41666667E-03
20318  0.00000000E+00  0.00000000E+00 -0.83333333E-03
20319  0.00000000E+00  0.00000000E+00  0.41666667E-03
20320  0.00000000E+00  0.00000000E+00 -0.83333333E-03
20321  0.00000000E+00  0.00000000E+00  0.41666667E-03
20322  0.00000000E+00  0.00000000E+00 -0.83333333E-03
20323  0.00000000E+00  0.00000000E+00  0.41666667E-03
20324  0.00000000E+00  0.00000000E+00 -0.83333333E-03
20325  0.00000000E+00  0.00000000E+00  0.41666667E-03
20326  0.00000000E+00  0.00000000E+00 -0.83333333E-03
20327  0.00000000E+00  0.00000000E+00  0.41666667E-03
20328  0.00000000E+00  0.00000000E+00 -0.83333333E-03
20329  0.00000000E+00  0.00000000E+00  0.41666667E-03
20330  0.00000000E+00  0.00000000E+00 -0.83333333E-03
20331  0.00000000E+00  0.00000000E+00  0.41666667E-03
20332  0.00000000E+00  0.00000000E+00 -0.83333333E-03
20333  0.00000000E+00  0.00000000E+00  0.20833333E-03
22814  0.00000000E+00  0.00000000E+00 -0.41666667E-03
22815  0.00000000E+00  0.00000000E+00 -0.83333333E-03
22816  0.00000000E+00  0.00000000E+00 -0.83333333E-03
22817  0.00000000E+00  0.00000000E+00 -0.83333333E-03
22818  0.00000000E+00  0.00000000E+00 -0.83333333E-03
22819  0.00000000E+00  0.00000000E+00 -0.83333333E-03
22820  0.00000000E+00  0.00000000E+00 -0.83333333E-03
22821  0.00000000E+00  0.00000000E+00 -0.83333333E-03
22822  0.00000000E+00  0.00000000E+00 -0.83333333E-03
22823  0.00000000E+00  0.00000000E+00 -0.83333333E-03
22824  0.00000000E+00  0.00000000E+00 -0.83333333E-03
22825  0.00000000E+00  0.00000000E+00 -0.83333333E-03
22826  0.00000000E+00  0.00000000E+00 -0.83333333E-03
22827  0.00000000E+00  0.00000000E+00 -0.83333333E-03
22828  0.00000000E+00  0.00000000E+00 -0.83333333E-03
22829  0.00000000E+00  0.00000000E+00 -0.83333333E-03
22830  0.00000000E+00  0.00000000E+00 -0.83333333E-03
22831  0.00000000E+00  0.00000000E+00 -0.83333333E-03
22832  0.00000000E+00  0.00000000E+00 -0.83333333E-03
22833  0.00000000E+00  0.00000000E+00 -0.83333333E-03
22834  0.00000000E+00  0.00000000E+00 -0.41666667E-03
23675  0.00000000E+00  0.00000000E+00  0.20833333E-03
23676  0.00000000E+00  0.00000000E+00 -0.83333333E-03
23677  0.00000000E+00  0.00000000E+00  0.41666667E-03
23678  0.00000000E+00  0.00000000E+00 -0.83333333E-03
23679  0.00000000E+00  0.00000000E+00  0.41666667E-03
23680  0.00000000E+00  0.00000000E+00 -0.83333333E-03
23681  0.00000000E+00  0.00000000E+00  0.41666667E-03
23682  0.00000000E+00  0.00000000E+00 -0.83333333E-03
23683  0.00000000E+00  0.00000000E+00  0.41666667E-03
23684  0.00000000E+00  0.00000000E+00 -0.83333333E-03
23685  0.00000000E+00  0.00000000E+00  0.41666667E-03
23686  0.00000000E+00  0.00000000E+00 -0.83333333E-03
23687  0.00000000E+00  0.00000000E+00  0.41666667E-03
23688  0.00000000E+00  0.00000000E+00 -0.83333333E-03
23689  0.00000000E+00  0.00000000E+00  0.41666667E-03
23690  0.00000000E+00  0.00000000E+00 -0.83333333E-03
23691  0.00000000E+00  0.00000000E+00  0.41666667E-03
23692  0.00000000E+00  0.00000000E+00 -0.83333333E-03
23693  0.00000000E+00  0.00000000E+00  0.41666667E-03
23694  0.00000000E+00  0.00000000E+00 -0.83333333E-03
23695  0.00000000E+00  0.00000000E+00  0.41666667E-03
23696  0.00000000E+00  0.00000000E+00 -0.83333333E-03
23697  0.00000000E+00  0.00000000E+00  0.41666667E-03
23698  0.00000000E+00  0.00000000E+00 -0.83333333E-03
23699  0.00000000E+00  0.00000000E+00  0.41666667E-03
23700  0.00000000E+00  0.00000000E+00 -0.83333333E-03
23701  0.00000000E+00  0.00000000E+00  0.41666667E-03
23702  0.00000000E+00  0.00000000E+00 -0.83333333E-03
23703  0.00000000E+00  0.00000000E+00  0.41666667E-03
23704  0.00000000E+00  0.00000000E+00 -0.83333333E-03
23705  0.00000000E+00  0.00000000E+00  0.41666667E-03
23706  0.00000000E+00  0.00000000E+00 -0.83333333E-03
23707  0.00000000E+00  0.00000000E+00  0.41666667E-03
23708  0.00000000E+00  0.00000000E+00 -0.83333333E-03
23709  0.00000000E+00  0.00000000E+00  0.41666667E-03
23710  0.00000000E+00  0.00000000E+00 -0.83333333E-03
23711  0.00000000E+00  0.00000000E+00  0.41666667E-03
23712  0.00000000E+00  0.00000000E+00 -0.83333333E-03
23713  0.00000000E+00  0.00000000E+00  0.41666667E-03
23714  0.00000000E+00  0.00000000E+00 -0.83333333E-03
23715  0.00000000E+00  0.00000000E+00  0.20833333E-03
26196  0.00000000E+00  0.00000000E+00 -0.41666667E-03
26197  0.00000000E+00  0.00000000E+00 -0.83333333E-03
26198  0.00000000E+00  0.00000000E+00 -0.83333333E-03
26199  0.00000000E+00  0.00000000E+00 -0.83333333E-03
26200  0.00000000E+00  0.00000000E+00 -0.83333333E-03
26201  0.00000000E+00  0.00000000E+00 -0.83333333E-03
26202  0.00000000E+00  0.00000000E+00 -0.83333333E-03
26203  0.00000000E+00  0.00000000E+00 -0.83333333E-03
26204  0.00000000E+00  0.00000000E+00 -0.83333333E-03
26205  0.00000000E+00  0.00000000E+00 -0.83333333E-03
26206  0.00000000E+00  0.00000000E+00 -0.83333333E-03
26207  0.00000000E+00  0.00000000E+00 -0.83333333E-03
26208  0.00000000E+00  0.00000000E+00 -0.83333333E-03
26209  0.00000000E+00  0.00000000E+00 -0.83333333E-03
26210  0.00000000E+00  0.00000000E+00 -0.83333333E-03
26211  0.00000000E+00  0.00000000E+00 -0.83333333E-03
26212  0.00000000E+00  0.00000000E+00 -0.83333333E-03
26213  0.00000000E+00  0.00000000E+00 -0.83333333E-03
26214  0.00000000E+00  0.00000000E+00 -0.83333333E-03
26215  0.00000000E+00  0.00000000E+00 -0.83333333E-03
26216  0.00000000E+00  0.00000000E+00 -0.41666667E-03
27057  0.00000000E+00  0.00000000E+00  0.20833333E-03
27058  0.00000000E+00  0.00000000E+00 -0.83333333E-03
27059  0.00000000E+00  0.00000000E+00  0.41666667E-03
27060  0.00000000E+00  0.00000000E+00 -0.83333333E-03
27061  0.00000000E+00  0.00000000E+00  0.41666667E-03
27062  0.00000000E+00  0.00000000E+00 -0.83333333E-03
27063  0.00000000E+00  0.00000000E+00  0.41666667E-03
27064  0.00000000E+00  0.00000000E+00 -0.83333333E-03
27065  0.00000000E+00  0.00000000E+00  0.41666667E-03
27066  0.00000000E+00  0.00000000E+00 -0.83333333E-03
27067  0.00000000E+00  0.00000000E+00  0.41666667E-03
27068  0.00000000E+00  0.00000000E+00 -0.83333333E-03
27069  0.00000000E+00  0.00000000E+00  0.41666667E-03
27070  0.00000000E+00  0.00000000E+00 -0.83333333E-03
27071  0.00000000E+00  0.00000000E+00  0.41666667E-03
27072  0.00000000E+00  0.00000000E+00 -0.83333333E-03
27073  0.00000000E+00  0.00000000E+00  0.41666667E-03
27074  0.00000000E+00  0.00000000E+00 -0.83333333E-03
27075  0.00000000E+00  0.00000000E+00  0.41666667E-03
27076  0.00000000E+00  0.00000000E+00 -0.83333333E-03
27077  0.00000000E+00  0.00000000E+00  0.41666667E-03
27078  0.00000000E+00  0.00000000E+00 -0.83333333E-03
27079  0.00000000E+00  0.00000000E+00  0.41666667E-03
27080  0.00000000E+00  0.00000000E+00 -0.83333333E-03
27081  0.00000000E+00  0.00000000E+00  0.41666667E-03
27082  0.00000000E+00  0.00000000E+00 -0.83333333E-03
27083  0.00000000E+00  0.00000000E+00  0.41666667E-03
27084  0.00000000E+00  0.00000000E+00 -0.83333333E-03
27085  0.00000000E+00  0.00000000E+00  0.41666667E-03
27086  0.00000000E+00  0.00000000E+00 -0.83333333E-03
27087  0.00000000E+00  0.00000000E+00  0.41666667E-03
27088  0.00000000E+00  0.00000000E+00 -0.83333333E-03
27089  0.00000000E+00  0.00000000E+00  0.41666667E-03
27090  0.00000000E+00  0.00000000E+00 -0.83333333E-03
27091  0.00000000E+00  0.00000000E+00  0.41666667E-03
27092  0.00000000E+00  0.00000000E+00 -0.83333333E-03
27093  0.00000000E+00  0.00000000E+00  0.41666667E-03
27094  0.00000000E+00  0.00000000E+00 -0.83333333E-03
27095  0.00000000E+00  0.00000000E+00  0.41666667E-03
27096  0.00000000E+00  0.00000000E+00 -0.83333333E-03
27097  0.00000000E+00  0.00000000E+00  0.20833333E-03
29578  0.00000000E+00  0.00000000E+00 -0.41666667E-03
29579  0.00000000E+00  0.00000000E+00 -0.83333333E-03
29580  0.00000000E+00  0.00000000E+00 -0.83333333E-03
29581  0.00000000E+00  0.00000000E+00 -0.83333333E-03
29582  0.00000000E+00  0.00000000E+00 -0.83333333E-03
29583  0.00000000E+00  0.00000000E+00 -0.83333333E-03
29584  0.00000000E+00  0.00000000E+00 -0.83333333E-03
29585  0.00000000E+00  0.00000000E+00 -0.83333333E-03
29586  0.00000000E+00  0.00000000E+00 -0.83333333E-03
29587  0.00000000E+00  0.00000000E+00 -0.83333333E-03
29588  0.00000000E+00  0.00000000E+00 -0.83333333E-03
29589  0.00000000E+00  0.00000000E+00 -0.83333333E-03
29590  0.00000000E+00  0.00000000E+00 -0.83333333E-03
29591  0.00000000E+00  0.00000000E+00 -0.83333333E-03
29592  0.00000000E+00  0.00000000E+00 -0.83333333E-03
29593  0.00000000E+00  0.00000000E+00 -0.83333333E-03
29594  0.00000000E+00  0.00000000E+00 -0.83333333E-03
29595  0.00000000E+00  0.00000000E+00 -0.83333333E-03
29596  0.00000000E+00  0.00000000E+00 -0.83333333E-03
29597  0.00000000E+00  0.00000000E+00 -0.83333333E-03
29598  0.00000000E+00  0.00000000E+00 -0.41666667E-03
30439  0.00000000E+00  0.00000000E+00  0.20833333E-03
30440  0.00000000E+00  0.00000000E+00 -0.83333333E-03
30441  0.00000000E+00  0.00000000E+00  0.41666667E-03
30442  0.00000000E+00  0.00000000E+00 -0.83333333E-03
30443  0.00000000E+00  0.00000000E+00  0.41666667E-03
30444  0.00000000E+00  0.00000000E+00 -0.83333333E-03
30445  0.00000000E+00  0.00000000E+00  0.41666667E-03
30446  0.00000000E+00  0.00000000E+00 -0.83333333E-03
30447  0.00000000E+00  0.00000000E+00  0.41666667E-03
30448  0.00000000E+00  0.00000000E+00 -0.83333333E-03
30449  0.00000000E+00  0.00000000E+00  0.41666667E-03
30450  0.00000000E+00  0.00000000E+00 -0.83333333E-03
30451  0.00000000E+00  0.00000000E+00  0.41666667E-03
30452  0.00000000E+00  0.00000000E+00 -0.83333333E-03
30453  0.00000000E+00  0.00000000E+00  0.41666667E-03
30454  0.00000000E+00  0.00000000E+00 -0.83333333E-03
30455  0.00000000E+00  0.00000000E+00  0.41666667E-03
30456  0.00000000E+00  0.00000000E+00 -0.83333333E-03
30457  0.00000000E+00  0.00000000E+00  0.41666667E-03
30458  0.00000000E+00  0.00000000E+00 -0.83333333E-03
30459  0.00000000E+00  0.00000000E+00  0.41666667E-03
30460  0.00000000E+00  0.00000000E+00 -0.83333333E-03
30461  0.00000000E+00  0.00000000E+00  0.41666667E-03
30462  0.00000000E+00  0.00000000E+00 -0.83333333E-03
30463  0.00000000E+00  0.00000000E+00  0.41666667E-03
30464  0.00000000E+00  0.00000000E+00 -0.83333333E-03
30465  0.00000000E+00  0.00000000E+00  0.41666667E-03
30466  0.00000000E+00  0.00000000E+00 -0.83333333E-03
30467  0.00000000E+00  0.00000000E+00  0.41666667E-03
30468  0.00000000E+00  0.00000000E+00 -0.83333333E-03
30469  0.00000000E+00  0.00000000E+00  0.41666667E-03
30470  0.00000000E+00  0.00000000E+00 -0.83333333E-03
30471  0.00000000E+00  0.00000000E+00  0.41666667E-03
30472  0.00000000E+00  0.00000000E+00 -0.83333333E-03
30473  0.00000000E+00  0.00000000E+00  0.41666667E-03
30474  0.00000000E+00  0.00000000E+00 -0.83333333E-03
30475  0.00000000E+00  0.00000000E+00  0.41666667E-03
30476  0.00000000E+00  0.00000000E+00 -0.83333333E-03
30477  0.00000000E+00  0.00000000E+00  0.41666667E-03
30478  0.00000000E+00  0.00000000E+00 -0.83333333E-03
30479  0.00000000E+00  0.00000000E+00  0.20833333E-03
32960  0.00000000E+00  0.00000000E+00 -0.41666667E-03
32961  0.00000000E+00  0.00000000E+00 -0.83333333E-03
32962  0.00000000E+00  0.00000000E+00 -0.83333333E-03
32963  0.00000000E+00  0.00000000E+00 -0.83333333E-03
32964  0.00000000E+00  0.00000000E+00 -0.83333333E-03
32965  0.00000000E+00  0.00000000E+00 -0.83333333E-03
32966  0.00000000E+00  0.00000000E+00 -0.83333333E-03
32967  0.00000000E+00  0.00000000E+00 -0.83333333E-03
32968  0.00000000E+00  0.00000000E+00 -0.83333333E-03
32969  0.00000000E+00  0.00000000E+00 -0.83333333E-03
32970  0.00000000E+00  0.00000000E+00 -0.83333333E-03
32971  0.00000000E+00  0.00000000E+00 -0.83333333E-03
32972  0.00000000E+00  0.00000000E+00 -0.83333333E-03
32973  0.00000000E+00  0.00000000E+00 -0.83333333E-03
32974  0.00000000E+00  0.00000000E+00 -0.83333333E-03
32975  0.00000000E+00  0.00000000E+00 -0.83333333E-03
32976  0.00000000E+00  0.00000000E+00 -0.83333333E-03
32977  0.00000000E+00  0.00000000E+00 -0.83333333E-03
32978  0.00000000E+00  0.00000000E+00 -0.83333333E-03
32979  0.00000000E+00  0.00000000E+00 -0.83333333E-03
32980  0.00000000E+00  0.00000000E+00 -0.41666667E-03
33821  0.00000000E+00  0.00000000E+00  0.20833333E-03
33822  0.00000000E+00  0.00000000E+00 -0.83333333E-03
33823  0.00000000E+00  0.00000000E+00  0.41666667E-03
33824  0.00000000E+00  0.00000000E+00 -0.83333333E-03
33825  0.00000000E+00  0.00000000E+00  0.41666667E-03
33826  0.00000000E+00  0.00000000E+00 -0.83333333E-03
33827  0.00000000E+00  0.00000000E+00  0.41666667E-03
33828  0.00000000E+00  0.00000000E+00 -0.83333333E-03
33829  0.00000000E+00  0.00000000E+00  0.41666667E-03
33830  0.00000000E+00  0.00000000E+00 -0.83333333E-03
33831  0.00000000E+00  0.00000000E+00  0.41666667E-03
33832  0.00000000E+00  0.00000000E+00 -0.83333333E-03
33833  0.00000000E+00  0.00000000E+00  0.41666667E-03
33834  0.00000000E+00  0.00000000E+00 -0.83333333E-03
33835  0.00000000E+00  0.00000000E+00  0.41666667E-03
33836  0.00000000E+00  0.00000000E+00 -0.83333333E-03
33837  0.00000000E+00  0.00000000E+00  0.41666667E-03
33838  0.00000000E+00  0.00000000E+00 -0.83333333E-03
33839  0.00000000E+00  0.00000000E+00  0.41666667E-03
33840  0.00000000E+00  0.00000000E+00 -0.83333333E-03
33841  0.00000000E+00  0.00000000E+00  0.41666667E-03
33842  0.00000000E+00  0.00000000E+00 -0.83333333E-03
33843  0.00000000E+00  0.00000000E+00  0.41666667E-03
33844  0.00000000E+00  0.00000000E+00 -0.83333333E-03
33845  0.00000000E+00  0.00000000E+00  0.41666667E-03
33846  0.00000000E+00  0.00000000E+00 -0.83333333E-03
33847  0.00000000E+00  0.00000000E+00  0.41666667E-03
33848  0.00000000E+00  0.00000000E+00 -0.83333333E-03
33849  0.00000000E+00  0.00000000E+00  0.41666667E-03
33850  0.00000000E+00  0.00000000E+00 -0.83333333E-03
33851  0.00000000E+00  0.00000000E+00  0.41666667E-03
33852  0.00000000E+00  0.00000000E+00 -0.83333333E-03
33853  0.00000000E+00  0.00000000E+00  0.41666667E-03
33854  0.00000000E+00  0.00000000E+00 -0.83333333E-03
33855  0.00000000E+00  0.00000000E+00  0.41666667E-03
33856  0.00000000E+00  0.00000000E+00 -0.83333333E-03
33857  0.00000000E+00  0.00000000E+00  0.41666667E-03
33858  0.00000000E+00  0.00000000E+00 -0.83333333E-03
33859  0.00000000E+00  0.00000000E+00  0.41666667E-03
33860  0.00000000E+00  0.00000000E+00 -0.83333333E-03
33861  0.00000000E+00  0.00000000E+00  0.20833333E-03
36342  0.00000000E+00  0.00000000E+00 -0.41666667E-03
36343  0.00000000E+00  0.00000000E+00 -0.83333333E-03
36344  0.00000000E+00  0.00000000E+00 -0.83333333E-03
36345  0.00000000E+00  0.00000000E+00 -0.83333333E-03
36346  0.00000000E+00  0.00000000E+00 -0.83333333E-03
36347  0.00000000E+00  0.00000000E+00 -0.83333333E-03
36348  0.00000000E+00  0.00000000E+00 -0.83333333E-03
36349  0.00000000E+00  0.00000000E+00 -0.83333333E-03
36350  0.00000000E+00  0.00000000E+00 -0.83333333E-03
36351  0.00000000E+00  0.00000000E+00 -0.83333333E-03
36352  0.00000000E+00  0.00000000E+00 -0.83333333E-03
36353  0.00000000E+00  0.00000000E+00 -0.83333333E-03
36354  0.00000000E+00  0.00000000E+00 -0.83333333E-03
36355  0.00000000E+00  0.00000000E+00 -0.83333333E-03
36356  0.00000000E+00  0.00000000E+00 -0.83333333E-03
36357  0.00000000E+00  0.00000000E+00 -0.83333333E-03
36358  0.00000000E+00  0.00000000E+00 -0.83333333E-03
36359  0.00000000E+00  0.00000000E+00 -0.83333333E-03
36360  0.00000000E+00  0.00000000E+00 -0.83333333E-03
36361  0.00000000E+00  0.00000000E+00 -0.83333333E-03
36362  0.00000000E+00  0.00000000E+00 -0.41666667E-03
37203  0.00000000E+00  0.00000000E+00  0.20833333E-03
37204  0.00000000E+00  0.00000000E+00 -0.83333333E-03
37205  0.00000000E+00  0.00000000E+00  0.41666667E-03
37206  0.00000000E+00  0.00000000E+00 -0.83333333E-03
37207  0.00000000E+00  0.00000000E+00  0.41666667E-03
37208  0.00000000E+00  0.00000000E+00 -0.83333333E-03
37209  0.00000000E+00  0.00000000E+00  0.41666667E-03
37210  0.00000000E+00  0.00000000E+00 -0.83333333E-03
37211  0.00000000E+00  0.00000000E+00  0.41666667E-03
37212  0.00000000E+00  0.00000000E+00 -0.83333333E-03
37213  0.00000000E+00  0.00000000E+00  0.41666667E-03
37214  0.00000000E+00  0.00000000E+00 -0.83333333E-03
37215  0.00000000E+00  0.00000000E+00  0.41666667E-03
37216  0.00000000E+00  0.00000000E+00 -0.83333333E-03
37217  0.00000000E+00  0.00000000E+00  0.41666667E-03
37218  0.00000000E+00  0.00000000E+00 -0.83333333E-03
37219  0.00000000E+00  0.00000000E+00  0.41666667E-03
37220  0.00000000E+00  0.00000000E+00 -0.83333333E-03
37221  0.00000000E+00  0.00000000E+00  0.41666667E-03
37222  0.00000000E+00  0.00000000E+00 -0.83333333E-03
37223  0.00000000E+00  0.00000000E+00  0.41666667E-03
37224  0.00000000E+00  0.00000000E+00 -0.83333333E-03
37225  0.00000000E+00  0.00000000E+00  0.41666667E-03
37226  0.00000000E+00  0.00000000E+00 -0.83333333E-03
37227  0.00000000E+00  0.00000000E+00  0.41666667E-03
37228  0.00000000E+00  0.00000000E+00 -0.83333333E-03
37229  0.00000000E+00  0.00000000E+00  0.41666667E-03
37230  0.00000000E+00  0.00000000E+00 -0.83333333E-03
37231  0.00000000E+00  0.00000000E+00  0.41666667E-03
37232  0.00000000E+00  0.00000000E+00 -0.83333333E-03
37233  0.00000000E+00  0.00000000E+00  0.41666667E-03
37234  0.00000000E+00  0.00000000E+00 -0.83333333E-03
37235  0.00000000E+00  0.00000000E+00  0.41666667E-03
37236  0.00000000E+00  0.00000000E+00 -0.83333333E-03
37237  0.00000000E+00  0.00000000E+00  0.41666667E-03
37238  0.00000000E+00  0.00000000E+00 -0.83333333E-03
37239  0.00000000E+00  0.00000000E+00  0.41666667E-03
37240  0.00000000E+00  0.00000000E+00 -0.83333333E-03
37241  0.00000000E+00  0.00000000E+00  0.41666667E-03
37242  0.00000000E+00  0.00000000E+00 -0.83333333E-03
37243  0.00000000E+00  0.00000000E+00  0.20833333E-03
39724  0.00000000E+00  0.00000000E+00 -0.41666667E-03
39725  0.00000000E+00  0.00000000E+00 -0.83333333E-03
39726  0.00000000E+00  0.00000000E+00 -0.83333333E-03
39727  0.00000000E+00  0.00000000E+00 -0.83333333E-03
39728  0.00000000E+00  0.00000000E+00 -0.83333333E-03
39729  0.00000000E+00  0.00000000E+00 -0.83333333E-03
39730  0.00000000E+00  0.00000000E+00 -0.83333333E-03
39731  0.00000000E+00  0.00000000E+00 -0.83333333E-03
39732  0.00000000E+00  0.00000000E+00 -0.83333333E-03
39733  0.00000000E+00  0.00000000E+00 -0.83333333E-03
39734  0.00000000E+00  0.00000000E+00 -0.83333333E-03
39735  0.00000000E+00  0.00000000E+00 -0.83333333E-03
39736  0.00000000E+00  0.00000000E+00 -0.83333333E-03
39737  0.00000000E+00  0.00000000E+00 -0.83333333E-03
39738  0.00000000E+00  0.00000000E+00 -0.83333333E-03
39739  0.00000000E+00  0.00000000E+00 -0.83333333E-03
39740  0.00000000E+00  0.00000000E+00 -0.83333333E-03
39741  0.00000000E+00  0.00000000E+00 -0.83333333E-03
39742  0.00000000E+00  0.00000000E+00 -0.83333333E-03
39743  0.00000000E+00  0.00000000E+00 -0.83333333E-03
39744  0.00000000E+00  0.00000000E+00 -0.41666667E-03
40585  0.00000000E+00  0.00000000E+00  0.20833333E-03
40586  0.00000000E+00  0.00000000E+00 -0.83333333E-03
40587  0.00000000E+00  0.00000000E+00  0.41666667E-03
40588  0.00000000E+00  0.00000000E+00 -0.83333333E-03
40589  0.00000000E+00  0.00000000E+00  0.41666667E-03
40590  0.00000000E+00  0.00000000E+00 -0.83333333E-03
40591  0.00000000E+00  0.00000000E+00  0.41666667E-03
40592  0.00000000E+00  0.00000000E+00 -0.83333333E-03
40593  0.00000000E+00  0.00000000E+00  0.41666667E-03
40594  0.00000000E+00  0.00000000E+00 -0.83333333E-03
40595  0.00000000E+00  0.00000000E+00  0.41666667E-03
40596  0.00000000E+00  0.00000000E+00 -0.83333333E-03
40597  0.00000000E+00  0.00000000E+00  0.41666667E-03
40598  0.00000000E+00  0.00000000E+00 -0.83333333E-03
40599  0.00000000E+00  0.00000000E+00  0.41666667E-03
40600  0.00000000E+00  0.00000000E+00 -0.83333333E-03
40601  0.00000000E+00  0.00000000E+00  0.41666667E-03
40602  0.00000000E+00  0.00000000E+00 -0.83333333E-03
40603  0.00000000E+00  0.00000000E+00  0.41666667E-03
40604  0.00000000E+00  0.00000000E+00 -0.83333333E-03
40605  0.00000000E+00  0.00000000E+00  0.41666667E-03
40606  0.00000000E+00  0.00000000E+00 -0.83333333E-03
40607  0.00000000E+00  0.00000000E+00  0.41666667E-03
40608  0.00000000E+00  0.00000000E+00 -0.83333333E-03
40609  0.00000000E+00  0.00000000E+00  0.41666667E-03
40610  0.00000000E+00  0.00000000E+00 -0.83333333E-03
40611  0.00000000E+00  0.00000000E+00  0.41666667E-03
40612  0.00000000E+00  0.00000000E+00 -0.83333333E-03
40613  0.00000000E+00  0.00000000E+00  0.41666667E-03
40614  0.00000000E+00  0.00000000E+00 -0.83333333E-03
40615  0.00000000E+00  0.00000000E+00  0.41666667E-03
40616  0.00000000E+00  0.00000000E+00 -0.83333333E-03
40617  0.00000000E+00  0.00000000E+00  0.41666667E-03
40618  0.00000000E+00  0.00000000E+00 -0.83333333E-03
40619  0.00000000E+00  0.00000000E+00  0.41666667E-03
40620  0.00000000E+00  0.00000000E+00 -0.83333333E-03
40621  0.00000000E+00  0.00000000E+00  0.41666667E-03
40622  0.00000000E+00  0.00000000E+00 -0.83333333E-03
40623  0.00000000E+00  0.00000000E+00  0.41666667E-03
40624  0.00000000E+00  0.00000000E+00 -0.83333333E-03
40625  0.00000000E+00  0.00000000E+00  0.20833333E-03
43106  0.00000000E+00  0.00000000E+00 -0.41666667E-03
43107  0.00000000E+00  0.00000000E+00 -0.83333333E-03
43108  0.00000000E+00  0.00000000E+00 -0.83333333E-03
43109  0.00000000E+00  0.00000000E+00 -0.83333333E-03
43110  0.00000000E+00  0.00000000E+00 -0.83333333E-03
43111  0.00000000E+00  0.00000000E+00 -0.83333333E-03
43112  0.00000000E+00  0.00000000E+00 -0.83333333E-03
43113  0.00000000E+00  0.00000000E+00 -0.83333333E-03
43114  0.00000000E+00  0.00000000E+00 -0.83333333E-03
43115  0.00000000E+00  0.00000000E+00 -0.83333333E-03
43116  0.00000000E+00  0.00000000E+00 -0.83333333E-03
43117  0.00000000E+00  0.00000000E+00 -0.83333333E-03
43118  0.00000000E+00  0.00000000E+00 -0.83333333E-03
43119  0.00000000E+00  0.00000000E+00 -0.83333333E-03
43120  0.00000000E+00  0.00000000E+00 -0.83333333E-03
43121  0.00000000E+00  0.00000000E+00 -0.83333333E-03
43122  0.00000000E+00  0.00000000E+00 -0.83333333E-03
43123  0.00000000E+00  0.00000000E+00 -0.83333333E-03
43124  0.00000000E+00  0.00000000E+00 -0.83333333E-03
43125  0.00000000E+00  0.00000000E+00 -0.83333333E-03
43126  0.00000000E+00  0.00000000E+00 -0.41666667E-03
43967  0.00000000E+00  0.00000000E+00  0.20833333E-03
43968  0.00000000E+00  0.00000000E+00 -0.83333333E-03
43969  0.00000000E+00  0.00000000E+00  0.41666667E-03
43970  0.00000000E+00  0.00000000E+00 -0.83333333E-03
43971  0.00000000E+00  0.00000000E+00  0.41666667E-03
43972  0.00000000E+00  0.00000000E+00 -0.83333333E-03
43973  0.00000000E+00  0.00000000E+00  0.41666667E-03
43974  0.00000000E+00  0.00000000E+00 -0.83333333E-03
43975  0.00000000E+00  0.00000000E+00  0.41666667E-03
43976  0.00000000E+00  0.00000000E+00 -0.83333333E-03
43977  0.00000000E+00  0.00000000E+00  0.41666667E-03
43978  0.00000000E+00  0.00000000E+00 -0.83333333E-03
43979  0.00000000E+00  0.00000000E+00  0.41666667E-03
43980  0.00000000E+00  0.00000000E+00 -0.83333333E-03
43981  0.00000000E+00  0.00000000E+00  0.41666667E-03
43982  0.00000000E+00  0.00000000E+00 -0.83333333E-03
43983  0.00000000E+00  0.00000000E+00  0.41666667E-03
43984  0.00000000E+00  0.00000000E+00 -0.83333333E-03
43985  0.00000000E+00  0.00000000E+00  0.41666667E-03
43986  0.00000000E+00  0.00000000E+00 -0.83333333E-03
43987  0.00000000E+00  0.00000000E+00  0.41666667E-03
43988  0.00000000E+00  0.00000000E+00 -0.83333333E-03
43989  0.00000000E+00  0.00000000E+00  0.41666667E-03
43990  0.00000000E+00  0.00000000E+00 -0.83333333E-03
43991  0.00000000E+00  0.00000000E+00  0.41666667E-03
43992  0.00000000E+00  0.00000000E+00 -0.83333333E-03
43993  0.00000000E+00  0.00000000E+00  0.41666667E-03
43994  0.00000000E+00  0.00000000E+00 -0.83333333E-03
43995  0.00000000E+00  0.00000000E+00  0.41666667E-03
43996  0.00000000E+00  0.00000000E+00 -0.83333333E-03
43997  0.00000000E+00  0.00000000E+00  0.41666667E-03
43998  0.00000000E+00  0.00000000E+00 -0.83333333E-03
43999  0.00000000E+00  0.00000000E+00  0.41666667E-03
44000  0.00000000E+00  0.00000000E+00 -0.83333333E-03
44001  0.00000000E+00  0.00000000E+00  0.41666667E-03
44002  0.00000000E+00  0.00000000E+00 -0.83333333E-03
44003  0.00000000E+00  0.00000000E+00  0.41666667E-03
44004  0.00000000E+00  0.00000000E+00 -0.83333333E-03
44005  0.00000000E+00  0.00000000E+00  0.41666667E-03
44006  0.00000000E+00  0.00000000E+00 -0.83333333E-03
44007  0.00000000E+00  0.00000000E+00  0.20833333E-03
46488  0.00000000E+00  0.00000000E+00 -0.41666667E-03
46489  0.00000000E+00  0.00000000E+00 -0.83333333E-03
46490  0.00000000E+00  0.00000000E+00 -0.83333333E-03
46491  0.00000000E+00  0.00000000E+00 -0.83333333E-03
46492  0.00000000E+00  0.00000000E+00 -0.83333333E-03
46493  0.00000000E+00  0.00000000E+00 -0.83333333E-03
46494  0.00000000E+00  0.00000000E+00 -0.83333333E-03
46495  0.00000000E+00  0.00000000E+00 -0.83333333E-03
46496  0.00000000E+00  0.00000000E+00 -0.83333333E-03
46497  0.00000000E+00  0.00000000E+00 -0.83333333E-03
46498  0.00000000E+00  0.00000000E+00 -0.83333333E-03
46499  0.00000000E+00  0.00000000E+00 -0.83333333E-03
46500  0.00000000E+00  0.00000000E+00 -0.83333333E-03
46501  0.00000000E+00  0.00000000E+00 -0.83333333E-03
46502  0.00000000E+00  0.00000000E+00 -0.83333333E-03
46503  0.00000000E+00  0.00000000E+00 -0.83333333E-03
46504  0.00000000E+00  0.00000000E+00 -0.83333333E-03
46505  0.00000000E+00  0.00000000E+00 -0.83333333E-03
46506  0.00000000E+00  0.00000000E+00 -0.83333333E-03
46507  0.00000000E+00  0.00000000E+00 -0.83333333E-03
46508  0.00000000E+00  0.00000000E+00 -0.41666667E-03
47349  0.00000000E+00  0.00000000E+00  0.20833333E-03
47350  0.00000000E+00  0.00000000E+00 -0.83333333E-03
47351  0.00000000E+00  0.00000000E+00  0.41666667E-03
47352  0.00000000E+00  0.00000000E+00 -0.83333333E-03
47353  0.00000000E+00  0.00000000E+00  0.41666667E-03
47354  0.00000000E+00  0.00000000E+00 -0.83333333E-03
47355  0.00000000E+00  0.00000000E+00  0.41666667E-03
47356  0.00000000E+00  0.00000000E+00 -0.83333333E-03
47357  0.00000000E+00  0.00000000E+00  0.41666667E-03
47358  0.00000000E+00  0.00000000E+00 -0.83333333E-03
47359  0.00000000E+00  0.00000000E+00  0.41666667E-03
47360  0.00000000E+00  0.00000000E+00 -0.83333333E-03
47361  0.00000000E+00  0.00000000E+00  0.41666667E-03
47362  0.00000000E+00  0.00000000E+00 -0.83333333E-03
47363  0.00000000E+00  0.00000000E+00  0.41666667E-03
47364  0.00000000E+00  0.00000000E+00 -0.83333333E-03
47365  0.00000000E+00  0.00000000E+00  0.41666667E-03
47366  0.00000000E+00  0.00000000E+00 -0.83333333E-03
47367  0.00000000E+00  0.00000000E+00  0.41666667E-03
47368  0.00000000E+00  0.00000000E+00 -0.83333333E-03
47369  0.00000000E+00  0.00000000E+00  0.41666667E-03
47370  0.00000000E+00  0.00000000E+00 -0.83333333E-03
47371  0.00000000E+00  0.00000000E+00  0.41666667E-03
47372  0.00000000E+00  0.00000000E+00 -0.83333333E-03
47373  0.00000000E+00  0.00000000E+00  0.41666667E-03
47374  0.00000000E+00  0.00000000E+00 -0.83333333E-03
47375  0.00000000E+00  0.00000000E+00  0.41666667E-03
47376  0.00000000E+00  0.00000000E+00 -0.83333333E-03
47377  0.00000000E+00  0.00000000E+00  0.41666667E-03
47378  0.00000000E+00  0.00000000E+00 -0.83333333E-03
47379  0.00000000E+00  0.00000000E+00  0.41666667E-03
47380  0.00000000E+00  0.00000000E+00 -0.83333333E-03
47381  0.00000000E+00  0.00000000E+00  0.41666667E-03
47382  0.00000000E+00  0.00000000E+00 -0.83333333E-03
47383  0.00000000E+00  0.00000000E+00  0.41666667E-03
47384  0.00000000E+00  0.00000000E+00 -0.83333333E-03
47385  0.00000000E+00  0.00000000E+00  0.41666667E-03
47386  0.00000000E+00  0.00000000E+00 -0.83333333E-03
47387  0.00000000E+00  0.00000000E+00  0.41666667E-03
47388  0.00000000E+00  0.00000000E+00 -0.83333333E-03
47389  0.00000000E+00  0.00000000E+00  0.20833333E-03
49870  0.00000000E+00  0.00000000E+00 -0.41666667E-03
49871  0.00000000E+00  0.00000000E+00 -0.83333333E-03
49872  0.00000000E+00  0.00000000E+00 -0.83333333E-03
49873  0.00000000E+00  0.00000000E+00 -0.83333333E-03
49874  0.00000000E+00  0.00000000E+00 -0.83333333E-03
49875  0.00000000E+00  0.00000000E+00 -0.83333333E-03
49876  0.00000000E+00  0.00000000E+00 -0.83333333E-03
49877  0.00000000E+00  0.00000000E+00 -0.83333333E-03
49878  0.00000000E+00  0.00000000E+00 -0.83333333E-03
49879  0.00000000E+00  0.00000000E+00 -0.83333333E-03
49880  0.00000000E+00  0.00000000E+00 -0.83333333E-03
49881  0.00000000E+00  0.00000000E+00 -0.83333333E-03
49882  0.00000000E+00  0.00000000E+00 -0.83333333E-03
49883  0.00000000E+00  0.00000000E+00 -0.83333333E-03
49884  0.00000000E+00  0.00000000E+00 -0.83333333E-03
49885  0.00000000E+00  0.00000000E+00 -0.83333333E-03
49886  0.00000000E+00  0.00000000E+00 -0.83333333E-03
49887  0.00000000E+00  0.00000000E+00 -0.83333333E-03
49888  0.00000000E+00  0.00000000E+00 -0.83333333E-03
49889  0.00000000E+00  0.00000000E+00 -0.83333333E-03
49890  0.00000000E+00  0.00000000E+00 -0.41666667E-03
50731  0.00000000E+00  0.00000000E+00  0.20833333E-03
50732  0.00000000E+00  0.00000000E+00 -0.83333333E-03
50733  0.00000000E+00  0.00000000E+00  0.41666667E-03
50734  0.00000000E+00  0.00000000E+00 -0.83333333E-03
50735  0.00000000E+00  0.00000000E+00  0.41666667E-03
50736  0.00000000E+00  0.00000000E+00 -0.83333333E-03
50737  0.00000000E+00  0.00000000E+00  0.41666667E-03
50738  0.00000000E+00  0.00000000E+00 -0.83333333E-03
50739  0.00000000E+00  0.00000000E+00  0.41666667E-03
50740  0.00000000E+00  0.00000000E+00 -0.83333333E-03
50741  0.00000000E+00  0.00000000E+00  0.41666667E-03
50742  0.00000000E+00  0.00000000E+00 -0.83333333E-03
50743  0.00000000E+00  0.00000000E+00  0.41666667E-03
50744  0.00000000E+00  0.00000000E+00 -0.83333333E-03
50745  0.00000000E+00  0.00000000E+00  0.41666667E-03
50746  0.00000000E+00  0.00000000E+00 -0.83333333E-03
50747  0.00000000E+00  0.00000000E+00  0.41666667E-03
50748  0.00000000E+00  0.00000000E+00 -0.83333333E-03
50749  0.00000000E+00  0.00000000E+00  0.41666667E-03
50750  0.00000000E+00  0.00000000E+00 -0.83333333E-03
50751  0.00000000E+00  0.00000000E+00  0.41666667E-03
50752  0.00000000E+00  0.00000000E+00 -0.83333333E-03
50753  0.00000000E+00  0.00000000E+00  0.41666667E-03
50754  0.00000000E+00  0.00000000E+00 -0.83333333E-03
50755  0.00000000E+00  0.00000000E+00  0.41666667E-03
50756  0.00000000E+00  0.00000000E+00 -0.83333333E-03
50757  0.00000000E+00  0.00000000E+00  0.41666667E-03
50758  0.00000000E+00  0.00000000E+00 -0.83333333E-03
50759  0.00000000E+00  0.00000000E+00  0.41666667E-03
50760  0.00000000E+00  0.00000000E+00 -0.83333333E-03
50761  0.00000000E+00  0.00000000E+00  0.41666667E-03
50762  0.00000000E+00  0.00000000E+00 -0.83333333E-03
50763  0.00000000E+00  0.00000000E+00  0.41666667E-03
50764  0.00000000E+00  0.00000000E+00 -0.83333333E-03
50765  0.00000000E+00  0.00000000E+00  0.41666667E-03
50766  0.00000000E+00  0.00000000E+00 -0.83333333E-03
50767  0.00000000E+00  0.00000000E+00  0.41666667E-03
50768  0.00000000E+00  0.00000000E+00 -0.83333333E-03
50769  0.00000000E+00  0.00000000E+00  0.41666667E-03
50770  0.00000000E+00  0.00000000E+00 -0.83333333E-03
50771  0.00000000E+00  0.00000000E+00  0.20833333E-03
53252  0.00000000E+00  0.00000000E+00 -0.41666667E-03
53253  0.00000000E+00  0.00000000E+00 -0.83333333E-03
53254  0.00000000E+00  0.00000000E+00 -0.83333333E-03
53255  0.00000000E+00  0.00000000E+00 -0.83333333E-03
53256  0.00000000E+00  0.00000000E+00 -0.83333333E-03
53257  0.00000000E+00  0.00000000E+00 -0.83333333E-03
53258  0.00000000E+00  0.00000000E+00 -0.83333333E-03
53259  0.00000000E+00  0.00000000E+00 -0.83333333E-03
53260  0.00000000E+00  0.00000000E+00 -0.83333333E-03
53261  0.00000000E+00  0.00000000E+00 -0.83333333E-03
53262  0.00000000E+00  0.00000000E+00 -0.83333333E-03
53263  0.00000000E+00  0.00000000E+00 -0.83333333E-03
53264  0.00000000E+00  0.00000000E+00 -0.83333333E-03
53265  0.00000000E+00  0.00000000E+00 -0.83333333E-03
53266  0.00000000E+00  0.00000000E+00 -0.83333333E-03
53267  0.00000000E+00  0.00000000E+00 -0.83333333E-03
53268  0.00000000E+00  0.00000000E+00 -0.83333333E-03
53269  0.00000000E+00  0.00000000E+00 -0.83333333E-03
53270  0.00000000E+00  0.00000000E+00 -0.83333333E-03
53271  0.00000000E+00  0.00000000E+00 -0.83333333E-03
53272  0.00000000E+00  0.00000000E+00 -0.41666667E-03
54113  0.00000000E+00  0.00000000E+00  0.20833333E-03
54114  0.00000000E+00  0.00000000E+00 -0.83333333E-03
54115  0.00000000E+00  0.00000000E+00  0.41666667E-03
54116  0.00000000E+00  0.00000000E+00 -0.83333333E-03
54117  0.00000000E+00  0.00000000E+00  0.41666667E-03
54118  0.00000000E+00  0.00000000E+00 -0.83333333E-03
54119  0.00000000E+00  0.00000000E+00  0.41666667E-03
54120  0.00000000E+00  0.00000000E+00 -0.83333333E-03
54121  0.00000000E+00  0.00000000E+00  0.41666667E-03
54122  0.00000000E+00  0.00000000E+00 -0.83333333E-03
54123  0.00000000E+00  0.00000000E+00  0.41666667E-03
54124  0.00000000E+00  0.00000000E+00 -0.83333333E-03
54125  0.00000000E+00  0.00000000E+00  0.41666667E-03
54126  0.00000000E+00  0.00000000E+00 -0.83333333E-03
54127  0.00000000E+00  0.00000000E+00  0.41666667E-03
54128  0.00000000E+00  0.00000000E+00 -0.83333333E-03
54129  0.00000000E+00  0.00000000E+00  0.41666667E-03
54130  0.00000000E+00  0.00000000E+00 -0.83333333E-03
54131  0.00000000E+00  0.00000000E+00  0.41666667E-03
54132  0.00000000E+00  0.00000000E+00 -0.83333333E-03
54133  0.00000000E+00  0.00000000E+00  0.41666667E-03
54134  0.00000000E+00  0.00000000E+00 -0.83333333E-03
54135  0.00000000E+00  0.00000000E+00  0.41666667E-03
54136  0.00000000E+00  0.00000000E+00 -0.83333333E-03
54137  0.00000000E+00  0.00000000E+00  0.41666667E-03
54138  0.00000000E+00  0.00000000E+00 -0.83333333E-03
54139  0.00000000E+00  0.00000000E+00  0.41666667E-03
54140  0.00000000E+00  0.00000000E+00 -0.83333333E-03
54141  0.00000000E+00  0.00000000E+00  0.41666667E-03
54142  0.00000000E+00  0.00000000E+00 -0.83333333E-03
54143  0.00000000E+00  0.00000000E+00  0.41666667E-03
54144  0.00000000E+00  0.00000000E+00 -0.83333333E-03
54145  0.00000000E+00  0.00000000E+00  0.41666667E-03
54146  0.00000000E+00  0.00000000E+00 -0.83333333E-03
54147  0.00000000E+00  0.00000000E+00  0.41666667E-03
54148  0.00000000E+00  0.00000000E+00 -0.83333333E-03
54149  0.00000000E+00  0.00000000E+00  0.41666667E-03
54150  0.00000000E+00  0.00000000E+00 -0.83333333E-03
54151  0.00000000E+00  0.00000000E+00  0.41666667E-03
54152  0.00000000E+00  0.00000000E+00 -0.83333333E-03
54153  0.00000000E+00  0.00000000E+00  0.20833333E-03
56634  0.00000000E+00  0.00000000E+00 -0.41666667E-03
56635  0.00000000E+00  0.00000000E+00 -0.83333333E-03
56636  0.00000000E+00  0.00000000E+00 -0.83333333E-03
56637  0.00000000E+00  0.00000000E+00 -0.83333333E-03
56638  0.00000000E+00  0.00000000E+00 -0.83333333E-03
56639  0.00000000E+00  0.00000000E+00 -0.83333333E-03
56640  0.00000000E+00  0.00000000E+00 -0.83333333E-03
56641  0.00000000E+00  0.00000000E+00 -0.83333333E-03
56642  0.00000000E+00  0.00000000E+00 -0.83333333E-03
56643  0.00000000E+00  0.00000000E+00 -0.83333333E-03
56644  0.00000000E+00  0.00000000E+00 -0.83333333E-03
56645  0.00000000E+00  0.00000000E+00 -0.83333333E-03
56646  0.00000000E+00  0.00000000E+00 -0.83333333E-03
56647  0.00000000E+00  0.00000000E+00 -0.83333333E-03
56648  0.00000000E+00  0.00000000E+00 -0.83333333E-03
56649  0.00000000E+00  0.00000000E+00 -0.83333333E-03
56650  0.00000000E+00  0.00000000E+00 -0.83333333E-03
56651  0.00000000E+00  0.00000000E+00 -0.83333333E-03
56652  0.00000000E+00  0.00000000E+00 -0.83333333E-03
56653  0.00000000E+00  0.00000000E+00 -0.83333333E-03
56654  0.00000000E+00  0.00000000E+00 -0.41666667E-03
57495  0.00000000E+00  0.00000000E+00  0.20833333E-03
57496  0.00000000E+00  0.00000000E+00 -0.83333333E-03
57497  0.00000000E+00  0.00000000E+00  0.41666667E-03
57498  0.00000000E+00  0.00000000E+00 -0.83333333E-03
57499  0.00000000E+00  0.00000000E+00  0.41666667E-03
57500  0.00000000E+00  0.00000000E+00 -0.83333333E-03
57501  0.00000000E+00  0.00000000E+00  0.41666667E-03
57502  0.00000000E+00  0.00000000E+00 -0.83333333E-03
57503  0.00000000E+00  0.00000000E+00  0.41666667E-03
57504  0.00000000E+00  0.00000000E+00 -0.83333333E-03
57505  0.00000000E+00  0.00000000E+00  0.41666667E-03
57506  0.00000000E+00  0.00000000E+00 -0.83333333E-03
57507  0.00000000E+00  0.00000000E+00  0.41666667E-03
57508  0.00000000E+00  0.00000000E+00 -0.83333333E-03
57509  0.00000000E+00  0.00000000E+00  0.41666667E-03
57510  0.00000000E+00  0.00000000E+00 -0.83333333E-03
57511  0.00000000E+00  0.00000000E+00  0.41666667E-03
57512  0.00000000E+00  0.00000000E+00 -0.83333333E-03
57513  0.00000000E+00  0.00000000E+00  0.41666667E-03
57514  0.00000000E+00  0.00000000E+00 -0.83333333E-03
57515  0.00000000E+00  0.00000000E+00  0.41666667E-03
57516  0.00000000E+00  0.00000000E+00 -0.83333333E-03
57517  0.00000000E+00  0.00000000E+00  0.41666667E-03
57518  0.00000000E+00  0.00000000E+00 -0.83333333E-03
57519  0.00000000E+00  0.00000000E+00  0.41666667E-03
57520  0.00000000E+00  0.00000000E+00 -0.83333333E-03
57521  0.00000000E+00  0.00000000E+00  0.41666667E-03
57522  0.00000000E+00  0.00000000E+00 -0.83333333E-03
57523  0.00000000E+00  0.00000000E+00  0.41666667E-03
57524  0.00000000E+00  0.00000000E+00 -0.83333333E-03
57525  0.00000000E+00  0.00000000E+00  0.41666667E-03
57526  0.00000000E+00  0.00000000E+00 -0.83333333E-03
57527  0.00000000E+00  0.00000000E+00  0.41666667E-03
57528  0.00000000E+00  0.00000000E+00 -0.83333333E-03
57529  0.00000000E+00  0.00000000E+00  0.41666667E-03
57530  0.00000000E+00  0.00000000E+00 -0.83333333E-03
57531  0.00000000E+00  0.00000000E+00  0.41666667E-03
57532  0.00000000E+00  0.00000000E+00 -0.83333333E-03
57533  0.00000000E+00  0.00000000E+00  0.41666667E-03
57534  0.00000000E+00  0.00000000E+00 -0.83333333E-03
57535  0.00000000E+00  0.00000000E+00  0.20833333E-03
60016  0.00000000E+00  0.00000000E+00 -0.41666667E-03
60017  0.00000000E+00  0.00000000E+00 -0.83333333E-03
60018  0.00000000E+00  0.00000000E+00 -0.83333333E-03
60019  0.00000000E+00  0.00000000E+00 -0.83333333E-03
60020  0.00000000E+00  0.00000000E+00 -0.83333333E-03
60021  0.00000000E+00  0.00000000E+00 -0.83333333E-03
60022  0.00000000E+00  0.00000000E+00 -0.83333333E-03
60023  0.00000000E+00  0.00000000E+00 -0.83333333E-03
60024  0.00000000E+00  0.00000000E+00 -0.83333333E-03
60025  0.00000000E+00  0.00000000E+00 -0.83333333E-03
60026  0.00000000E+00  0.00000000E+00 -0.83333333E-03
60027  0.00000000E+00  0.00000000E+00 -0.83333333E-03
60028  0.00000000E+00  0.00000000E+00 -0.83333333E-03
60029  0.00000000E+00  0.00000000E+00 -0.83333333E-03
60030  0.00000000E+00  0.00000000E+00 -0.83333333E-03
60031  0.00000000E+00  0.00000000E+00 -0.83333333E-03
60032  0.00000000E+00  0.00000000E+00 -0.83333333E-03
60033  0.00000000E+00  0.00000000E+00 -0.83333333E-03
60034  0.00000000E+00  0.00000000E+00 -0.83333333E-03
60035  0.00000000E+00  0.00000000E+00 -0.83333333E-03
60036  0.00000000E+00  0.00000000E+00 -0.41666667E-03
60877  0.00000000E+00  0.00000000E+00  0.20833333E-03
60878  0.00000000E+00  0.00000000E+00 -0.83333333E-03
60879  0.00000000E+00  0.00000000E+00  0.41666667E-03
60880  0.00000000E+00  0.00000000E+00 -0.83333333E-03
60881  0.00000000E+00  0.00000000E+00  0.41666667E-03
60882  0.00000000E+00  0.00000000E+00 -0.83333333E-03
60883  0.00000000E+00  0.00000000E+00  0.41666667E-03
60884  0.00000000E+00  0.00000000E+00 -0.83333333E-03
60885  0.00000000E+00  0.00000000E+00  0.41666667E-03
60886  0.00000000E+00  0.00000000E+00 -0.83333333E-03
60887  0.00000000E+00  0.00000000E+00  0.41666667E-03
60888  0.00000000E+00  0.00000000E+00 -0.83333333E-03
60889  0.00000000E+00  0.00000000E+00  0.41666667E-03
60890  0.00000000E+00  0.00000000E+00 -0.83333333E-03
60891  0.00000000E+00  0.00000000E+00  0.41666667E-03
60892  0.00000000E+00  0.00000000E+00 -0.83333333E-03
60893  0.00000000E+00  0.00000000E+00  0.41666667E-03
60894  0.00000000E+00  0.00000000E+00 -0.83333333E-03
60895  0.00000000E+00  0.00000000E+00  0.41666667E-03
60896  0.00000000E+00  0.00000000E+00 -0.83333333E-03
60897  0.00000000E+00  0.00000000E+00  0.41666667E-03
60898  0.00000000E+00  0.00000000E+00 -0.83333333E-03
60899  0.00000000E+00  0.00000000E+00  0.41666667E-03
60900  0.00000000E+00  0.00000000E+00 -0.83333333E-03
60901  0.00000000E+00  0.00000000E+00  0.41666667E-03
60902  0.00000000E+00  0.00000000E+00 -0.83333333E-03
60903  0.00000000E+00  0.00000000E+00  0.41666667E-03
60904  0.00000000E+00  0.00000000E+00 -0.83333333E-03
60905  0.00000000E+00  0.00000000E+00  0.41666667E-03
60906  0.00000000E+00  0.00000000E+00 -0.83333333E-03
60907  0.00000000E+00  0.00000000E+00  0.41666667E-03
60908  0.00000000E+00  0.00000000E+00 -0.83333333E-03
60909  0.00000000E+00  0.00000000E+00  0.41666667E-03
60910  0.00000000E+00  0.00000000E+00 -0.83333333E-03
60911  0.00000000E+00  0.00000000E+00  0.41666667E-03
60912  0.00000000E+00  0.00000000E+00 -0.83333333E-03
60913  0.00000000E+00  0.00000000E+00  0.41666667E-03
60914  0.00000000E+00  0.00000000E+00 -0.83333333E-03
60915  0.00000000E+00  0.00000000E+00  0.41666667E-03
60916  0.00000000E+00  0.00000000E+00 -0.83333333E-03
60917  0.00000000E+00  0.00000000E+00  0.20833333E-03
63398  0.00000000E+00  0.00000000E+00 -0.41666667E-03
63399  0.00000000E+00  0.00000000E+00 -0.83333333E-03
63400  0.00000000E+00  0.00000000E+00 -0.83333333E-03
63401  0.00000000E+00  0.00000000E+00 -0.83333333E-03
63402  0.00000000E+00  0.00000000E+00 -0.83333333E-03
63403  0.00000000E+00  0.00000000E+00 -0.83333333E-03
63404  0.00000000E+00  0.00000000E+00 -0.83333333E-03
63405  0.00000000E+00  0.00000000E+00 -0.83333333E-03
63406  0.00000000E+00  0.00000000E+00 -0.83333333E-03
63407  0.00000000E+00  0.00000000E+00 -0.83333333E-03
63408  0.00000000E+00  0.00000000E+00 -0.83333333E-03
63409  0.00000000E+00  0.00000000E+00 -0.83333333E-03
63410  0.00000000E+00  0.00000000E+00 -0.83333333E-03
63411  0.00000000E+00  0.00000000E+00 -0.83333333E-03
63412  0.00000000E+00  0.00000000E+00 -0.83333333E-03
63413  0.00000000E+00  0.00000000E+00 -0.83333333E-03
63414  0.00000000E+00  0.00000000E+00 -0.83333333E-03
63415  0.00000000E+00  0.00000000E+00 -0.83333333E-03
63416  0.00000000E+00  0.00000000E+00 -0.83333333E-03
63417  0.00000000E+00  0.00000000E+00 -0.83333333E-03
63418  0.00000000E+00  0.00000000E+00 -0.41666667E-03
64259  0.00000000E+00  0.00000000E+00  0.20833333E-03
64260  0.00000000E+00  0.00000000E+00 -0.83333333E-03
64261  0.00000000E+00  0.00000000E+00  0.41666667E-03
64262  0.00000000E+00  0.00000000E+00 -0.83333333E-03
64263  0.00000000E+00  0.00000000E+00  0.41666667E-03
64264  0.00000000E+00  0.00000000E+00 -0.83333333E-03
64265  0.00000000E+00  0.00000000E+00  0.41666667E-03
64266  0.00000000E+00  0.00000000E+00 -0.83333333E-03
64267  0.00000000E+00  0.00000000E+00  0.41666667E-03
64268  0.00000000E+00  0.00000000E+00 -0.83333333E-03
64269  0.00000000E+00  0.00000000E+00  0.41666667E-03
64270  0.00000000E+00  0.00000000E+00 -0.83333333E-03
64271  0.00000000E+00  0.00000000E+00  0.41666667E-03
64272  0.00000000E+00  0.00000000E+00 -0.83333333E-03
64273  0.00000000E+00  0.00000000E+00  0.41666667E-03
64274  0.00000000E+00  0.00000000E+00 -0.83333333E-03
64275  0.00000000E+00  0.00000000E+00  0.41666667E-03
64276  0.00000000E+00  0.00000000E+00 -0.83333333E-03
64277  0.00000000E+00  0.00000000E+00  0.41666667E-03
64278  0.00000000E+00  0.00000000E+00 -0.83333333E-03
64279  0.00000000E+00  0.00000000E+00  0.41666667E-03
64280  0.00000000E+00  0.00000000E+00 -0.83333333E-03
64281  0.00000000E+00  0.00000000E+00  0.41666667E-03
64282  0.00000000E+00  0.00000000E+00 -0.83333333E-03
64283  0.00000000E+00  0.00000000E+00  0.41666667E-03
64284  0.00000000E+00  0.00000000E+00 -0.83333333E-03
64285  0.00000000E+00  0.00000000E+00  0.41666667E-03
64286  0.00000000E+00  0.00000000E+00 -0.83333333E-03
64287  0.00000000E+00  0.00000000E+00  0.41666667E-03
64288  0.00000000E+00  0.00000000E+00 -0.83333333E-03
64289  0.00000000E+00  0.00000000E+00  0.41666667E-03
64290  0.00000000E+00  0.00000000E+00 -0.83333333E-03
64291  0.00000000E+00  0.00000000E+00  0.41666667E-03
64292  0.00000000E+00  0.00000000E+00 -0.83333333E-03
64293  0.00000000E+00  0.00000000E+00  0.41666667E-03
64294  0.00000000E+00  0.00000000E+00 -0.83333333E-03
64295  0.00000000E+00  0.00000000E+00  0.41666667E-03
64296  0.00000000E+00  0.00000000E+00 -0.83333333E-03
64297  0.00000000E+00  0.00000000E+00  0.41666667E-03
64298  0.00000000E+00  0.00000000E+00 -0.83333333E-03
64299  0.00000000E+00  0.00000000E+00  0.20833333E-03
66780  0.00000000E+00  0.00000000E+00 -0.41666667E-03
66781  0.00000000E+00  0.00000000E+00 -0.83333333E-03
66782  0.00000000E+00  0.00000000E+00 -0.83333333E-03
66783  0.00000000E+00  0.00000000E+00 -0.83333333E-03
66784  0.00000000E+00  0.00000000E+00 -0.83333333E-03
66785  0.00000000E+00  0.00000000E+00 -0.83333333E-03
66786  0.00000000E+00  0.00000000E+00 -0.83333333E-03
66787  0.00000000E+00  0.00000000E+00 -0.83333333E-03
66788  0.00000000E+00  0.00000000E+00 -0.83333333E-03
66789  0.00000000E+00  0.00000000E+00 -0.83333333E-03
66790  0.00000000E+00  0.00000000E+00 -0.83333333E-03
66791  0.00000000E+00  0.00000000E+00 -0.83333333E-03
66792  0.00000000E+00  0.00000000E+00 -0.83333333E-03
66793  0.00000000E+00  0.00000000E+00 -0.83333333E-03
66794  0.00000000E+00  0.00000000E+00 -0.83333333E-03
66795  0.00000000E+00  0.00000000E+00 -0.83333333E-03
66796  0.00000000E+00  0.00000000E+00 -0.83333333E-03
66797  0.00000000E+00  0.00000000E+00 -0.83333333E-03
66798  0.00000000E+00  0.00000000E+00 -0.83333333E-03
66799  0.00000000E+00  0.00000000E+00 -0.83333333E-03
66800  0.00000000E+00  0.00000000E+00 -0.41666667E-03
67641  0.00000000E+00  0.00000000E+00  0.10416667E-03
67642  0.00000000E+00  0.00000000E+00 -0.41666667E-03
67643  0.00000000E+00  0.00000000E+00  0.20833333E-03
67644  0.00000000E+00  0.00000000E+00 -0.41666667E-03
67645  0.00000000E+00  0.00000000E+00  0.20833333E-03
67646  0.00000000E+00  0.00000000E+00 -0.41666667E-03
67647  0.00000000E+00  0.00000000E+00  0.20833333E-03
67648  0.00000000E+00  0.00000000E+00 -0.41666667E-03
67649  0.00000000E+00  0.00000000E+00  0.20833333E-03
67650  0.00000000E+00  0.00000000E+00 -0.41666667E-03
67651  0.00000000E+00  0.00000000E+00  0.20833333E-03
67652  0.00000000E+00  0.00000000E+00 -0.41666667E-03
67653  0.00000000E+00  0.00000000E+00  0.20833333E-03
67654  0.00000000E+00  0.00000000E+00 -0.41666667E-03
67655  0.00000000E+00  0.00000000E+00  0.20833333E-03
67656  0.00000000E+00  0.00000000E+00 -0.41666667E-03
67657  0.00000000E+00  0.00000000E+00  0.20833333E-03
67658  0.00000000E+00  0.00000000E+00 -0.41666667E-03
67659  0.00000000E+00  0.00000000E+00  0.20833333E-03
67660  0.00000000E+00  0.00000000E+00 -0.41666667E-03
67661  0.00000000E+00  0.00000000E+00  0.20833333E-03
67662  0.00000000E+00  0.00000000E+00 -0.41666667E-03
67663  0.00000000E+00  0.00000000E+00  0.20833333E-03
67664  0.00000000E+00  0.00000000E+00 -0.41666667E-03
67665  0.00000000E+00  0.00000000E+00  0.20833333E-03
67666  0.00000000E+00  0.00000000E+00 -0.41666667E-03
67667  0.00000000E+00  0.00000000E+00  0.20833333E-03
67668  0.00000000E+00  0.00000000E+00 -0.41666667E-03
67669  0.00000000E+00  0.00000000E+00  0.20833333E-03
67670  0.00000000E+00  0.00000000E+00 -0.41666667E-03
67671  0.00000000E+00  0.00000000E+00  0.20833333E-03
67672  0.00000000E+00  0.00000000E+00 -0.41666667E-03
67673  0.00000000E+00  0.00000000E+00  0.20833333E-03
67674  0.00000000E+00  0.00000000E+00 -0.41666667E-03
67675  0.00000000E+00  0.00000000E+00  0.20833333E-03
67676  0.00000000E+00  0.00000000E+00 -0.41666667E-03
67677  0.00000000E+00  0.00000000E+00  0.20833333E-03
67678  0.00000000E+00  0.00000000E+00 -0.41666667E-03
67679  0.00000000E+00  0.00000000E+00  0.20833333E-03
67680  0.00000000E+00  0.00000000E+00 -0.41666667E-03
67681  0.00000000E+00  0.00000000E+00  0.10416667E-03
